#C t x y z vx vy vz wx wy wz o11 o12 o13 o21 o22 o23 o31 o32 o33
# Recorded every 1th time step
# [Hexapod_0, HexaPod 0.9][83497924]
#  coxaDamp=               0.000000  
#  coxaJointLimitH=        0.800000  
#  coxaJointLimitV=        0.500000  
#  coxaPower=              3.000000  
#  coxaSpeed=             25.000000  
#  tebiaDamp=              0.010000  
#  tebiaJointLimit=        0.200000  
#  tebiaOffset=            0.000000  
#  tebiaPower=             1.800000  
# ######
# [Diamond, 1.0][1806089140]
# ######
30.020000 -1.23711 0.0247012 0.616354 1.0432 0.332032 0.0245766 1.28483 -0.718706 -0.756247 0.989126 0.146831 0.00841513 -0.145454 0.985104 -0.0917268 -0.0217581 0.0895054 0.995749
30.040000 -1.21084 0.0303223 0.616821 1.27486 0.271126 0.0306116 1.01086 -0.83436 -0.701959 0.987241 0.158831 -0.0112809 -0.159083 0.98079 -0.11289 -0.00686633 0.113245 0.993543
30.060000 -1.18189 0.0342491 0.617726 1.41202 0.191984 0.0478391 0.761241 -0.80671 -0.610973 0.985228 0.168501 -0.0305327 -0.171049 0.976867 -0.12835 0.00819929 0.131676 0.991259
30.080000 -1.15108 0.0366038 0.618796 1.51219 0.110763 0.0579623 0.546778 -0.726559 -0.619426 0.982874 0.177926 -0.0479742 -0.182956 0.973314 -0.138516 0.0220486 0.14492 0.989198
30.100000 -1.11784 0.0368221 0.618652 1.65466 -0.00410529 -0.0379777 0.848374 -0.553968 -0.681739 0.98008 0.188592 -0.0622516 -0.196053 0.968795 -0.151654 0.0317083 0.160838 0.986471
30.120000 -1.08286 0.0347053 0.6182 1.73444 -0.103287 -0.0217302 0.379243 -0.629432 -1.00672 0.975805 0.20431 -0.077858 -0.214422 0.963865 -0.158075 0.0427484 0.170945 0.984353
30.140000 -1.04986 0.0321953 0.616544 1.60137 -0.130812 -0.150792 0.46678 -0.236339 -0.709712 0.971956 0.218363 -0.0872924 -0.230112 0.959654 -0.161597 0.0484838 0.177152 0.982989
30.160000 -1.02019 0.0301674 0.612877 1.43655 -0.0680491 -0.176364 -1.03476 0.318178 -0.341641 0.970252 0.227085 -0.0839294 -0.237376 0.96047 -0.145433 0.0475858 0.16103 0.985802
30.180000 -0.994436 0.0273692 0.607491 1.21334 -0.167424 -0.294751 -1.53176 0.695418 0.234761 0.971428 0.226419 -0.0711466 -0.233444 0.965615 -0.114418 0.0427938 0.127757 0.990882
30.200000 -0.973599 0.0235089 0.600042 0.992687 -0.191484 -0.380597 -1.85944 0.975909 0.398464 0.973826 0.22126 -0.0520198 -0.224813 0.971351 -0.0770489 0.0334816 0.086727 0.995669
30.220000 -0.955136 0.0201188 0.592116 0.887389 -0.177043 -0.394763 -2.30972 1.34353 0.563768 0.976865 0.212443 -0.0245488 -0.213126 0.976572 -0.0297456 0.0176544 0.0342894 0.999256
30.240000 -0.939053 0.0157916 0.586219 0.766091 -0.261628 -0.274978 -2.38043 1.21413 0.489378 0.979263 0.202589 0.00111856 -0.202571 0.979066 0.0198667 0.00292963 -0.0196813 0.999802
30.260000 -0.926472 0.00824475 0.583448 0.572754 -0.43638 -0.115929 -2.43544 0.951746 0.47137 0.981 0.192868 0.0210181 -0.193883 0.978507 0.0702388 -0.00701953 -0.0729793 0.997309
30.280000 -0.915643 -0.00115161 0.582529 0.519056 -0.477651 -0.0352708 -1.93464 0.754771 0.45246 0.982683 0.181698 0.0363263 -0.184686 0.976315 0.112698 -0.014989 -0.117455 0.992965
30.300000 -0.907315 -0.0112095 0.582069 0.391184 -0.50507 -0.0294139 -1.51061 0.670264 0.316912 0.983814 0.172279 0.0492867 -0.177725 0.973236 0.145689 -0.0228684 -0.152091 0.988102
30.320000 -0.902042 -0.0217266 0.579972 0.232882 -0.534046 -0.159795 -1.52547 0.665613 0.240174 0.984376 0.164912 0.0617063 -0.173333 0.969217 0.174854 -0.0309713 -0.182818 0.982659
30.340000 -0.901021 -0.0337941 0.576239 0.00286729 -0.598152 -0.160718 -1.37319 0.650227 0.244107 0.985019 0.155669 0.074195 -0.167814 0.964355 0.204591 -0.0397017 -0.213977 0.976031
30.360000 -0.905288 -0.0456395 0.574938 -0.242915 -0.583394 -0.0251351 -0.921197 0.487794 -0.098697 0.984621 0.152759 0.0847676 -0.16825 0.9598 0.224669 -0.0470398 -0.235477 0.970741
30.380000 -0.914628 -0.0570722 0.576591 -0.481661 -0.565985 0.117907 -0.41143 0.387104 -0.555982 0.982736 0.158679 0.0951376 -0.17704 0.955864 0.234478 -0.0537319 -0.247273 0.967455
30.400000 -0.929958 -0.066781 0.579113 -0.78702 -0.437379 0.109244 -0.0287435 0.690501 -0.885518 0.978934 0.170823 0.111842 -0.193057 0.952713 0.234664 -0.0664672 -0.251312 0.965621
30.420000 -0.951735 -0.0712866 0.578374 -1.09815 -0.167698 -0.10872 -0.237523 1.70881 -1.01556 0.972202 0.181577 0.14783 -0.21274 0.948731 0.233776 -0.0978029 -0.258727 0.960987
30.440000 -0.98156 -0.0725089 0.57832 -1.51613 -0.0740725 -0.0265677 0.999795 1.56628 -1.28906 0.96214 0.195261 0.190156 -0.235365 0.947046 0.218419 -0.137437 -0.254906 0.957149
30.460000 -1.0146 -0.0688738 0.579475 -1.59514 0.250679 0.0225533 1.40091 0.655212 -0.409265 0.956019 0.202076 0.212588 -0.242855 0.951789 0.187404 -0.164469 -0.230789 0.959003
30.480000 -1.04556 -0.0598642 0.58279 -1.46987 0.487675 0.20606 0.648358 -0.0535297 0.203213 0.955888 0.200106 0.215026 -0.238793 0.955686 0.172169 -0.171045 -0.215921 0.961312
30.500000 -1.07823 -0.0502706 0.586706 -1.66516 0.452227 0.213321 0.482393 -0.0365589 0.151463 0.956428 0.19752 0.215015 -0.234577 0.958317 0.163102 -0.173836 -0.206433 0.962895
30.520000 -1.11053 -0.0420521 0.588667 -1.56464 0.429203 0.036091 0.437835 0.130613 0.504514 0.95771 0.190641 0.215517 -0.226125 0.961843 0.15403 -0.17793 -0.19625 0.964275
30.540000 -1.1417 -0.0337239 0.588873 -1.53711 0.422656 0.0210484 0.655082 -0.0165158 0.572509 0.96028 0.179317 0.213794 -0.212668 0.96635 0.144707 -0.180651 -0.184427 0.966101
30.560000 -1.17078 -0.025827 0.588737 -1.43232 0.422137 -0.0421096 0.971934 -0.059202 0.450786 0.962465 0.169903 0.211645 -0.199465 0.97163 0.127075 -0.18405 -0.164521 0.96905
30.580000 -1.1985 -0.0171041 0.587787 -1.35712 0.451872 -0.0765595 1.1918 0.00958741 0.610294 0.964773 0.159021 0.209582 -0.18389 0.977327 0.104954 -0.18814 -0.139797 0.972142
30.600000 -1.22346 -0.00938244 0.586791 -1.22847 0.355739 -0.0271169 1.42688 -0.296794 0.237576 0.966757 0.153329 0.204626 -0.172253 0.981959 0.0780136 -0.188972 -0.110668 0.975727
30.620000 -1.24681 -0.00413469 0.586706 -1.17307 0.237042 -0.0139663 1.3503 -0.439804 0.033482 0.968659 0.153688 0.195139 -0.166053 0.98492 0.0485743 -0.184731 -0.0794555 0.979572
30.640000 -1.26588 -0.0023465 0.586723 -0.948779 0.0758749 0.000443651 1.13328 -0.837548 -0.400855 0.970181 0.1624 0.179929 -0.169166 0.985323 0.0228159 -0.173583 -0.0525735 0.983415
30.660000 -1.28318 -0.0024171 0.588212 -0.842132 -0.0449309 0.0487683 1.09125 -0.877196 -0.377401 0.971856 0.171017 0.162015 -0.172836 0.984946 -0.0029056 -0.160073 -0.0251782 0.986784
30.680000 -1.2959 -0.00192909 0.59007 -0.596867 0.0221099 0.116983 1.27822 -1.05572 -0.168808 0.974383 0.174751 0.141563 -0.172087 0.984596 -0.0309448 -0.14479 0.00579083 0.989445
30.700000 -1.30472 -0.000546721 0.591916 -0.346765 0.128749 0.0738525 1.21336 -0.889337 0.0485275 0.976678 0.175702 0.123407 -0.169712 0.983811 -0.0575629 -0.131524 0.0352767 0.990685
30.720000 -1.30506 0.00524473 0.591469 0.0548102 0.34443 -0.0554834 1.04422 -0.761997 0.184796 0.979189 0.172493 0.106936 -0.164346 0.983081 -0.0808816 -0.119078 0.0616239 0.990971
30.740000 -1.29997 0.0120565 0.592054 0.289358 0.342234 0.0548881 1.1885 -0.961321 0.0266939 0.981431 0.170328 0.0882176 -0.160892 0.981382 -0.104894 -0.104442 0.0887527 0.990563
30.760000 -1.29004 0.0191508 0.593277 0.509814 0.358513 0.0508627 1.09149 -1.06183 -0.0774717 0.983304 0.1692 0.0669677 -0.159724 0.978845 -0.127872 -0.087187 0.115041 0.989527
30.780000 -1.27665 0.0261827 0.593428 0.654396 0.342563 -0.00893193 1.07783 -1.05646 -0.291679 0.984195 0.171301 0.0449019 -0.162849 0.975097 -0.150553 -0.0695736 0.140861 0.987582
30.800000 -1.25952 0.0330857 0.59244 0.836118 0.33706 -0.0656005 1.01604 -1.15869 -0.466949 0.984194 0.175918 0.0203813 -0.169889 0.970368 -0.171824 -0.0500044 0.165646 0.984917
30.820000 -1.23766 0.0397406 0.590612 1.07807 0.322882 -0.112194 0.810263 -1.26074 -0.542849 0.98345 0.181043 -0.00699829 -0.17911 0.965674 -0.18813 -0.0273015 0.18627 0.982119
30.840000 -1.20966 0.0447962 0.590698 1.39504 0.235593 0.0476449 0.583149 -0.88713 -0.492645 0.981993 0.186554 -0.0297833 -0.188732 0.9618 -0.198294 -0.00834695 0.200344 0.97969
30.860000 -1.17586 0.0478771 0.594506 1.66694 0.129333 0.231226 0.0274104 -0.641868 -0.36294 0.98057 0.190496 -0.0468369 -0.196043 0.96019 -0.199005 0.00706264 0.20432 0.978879
30.880000 -1.14002 0.0494394 0.600275 1.74913 0.0811606 0.3008 -0.199969 -0.697544 -0.452896 0.978675 0.195468 -0.0631536 -0.204151 0.959619 -0.193528 0.0227747 0.202294 0.97906
30.900000 -1.10395 0.0504127 0.60776 1.76346 0.0496742 0.379732 -0.39255 -0.944801 -0.623451 0.975689 0.202536 -0.083732 -0.214884 0.95919 -0.183791 0.0430905 0.197316 0.979392
30.920000 -1.06944 0.0501753 0.615275 1.62717 -0.028 0.339201 -0.839126 -1.04577 -0.455455 0.971891 0.208993 -0.108399 -0.225124 0.959721 -0.168091 0.0689032 0.18777 0.979793
30.940000 -1.03812 0.0490206 0.621647 1.5163 -0.0954684 0.283528 -0.932945 -0.549052 -0.251943 0.969356 0.21287 -0.122617 -0.229628 0.962512 -0.144367 0.0872894 0.168099 0.981898
30.960000 -1.01015 0.0434571 0.619993 1.27349 -0.402278 -0.235058 -1.61305 0.0824163 -0.0974909 0.968571 0.215343 -0.124492 -0.230015 0.965916 -0.118738 0.0946793 0.143642 0.98509
30.980000 -0.988633 0.032229 0.611124 1.02429 -0.564205 -0.464597 -3.178 0.927458 -0.063212 0.969683 0.218616 -0.109188 -0.225748 0.972472 -0.0577563 0.0935558 0.0806543 0.992342
31.000000 -0.972012 0.0190302 0.601651 0.792338 -0.668861 -0.487332 -3.39921 1.41006 -0.0917575 0.971926 0.221033 -0.0806478 -0.220806 0.975246 0.0118258 0.0812653 0.00631376 0.996673
31.020000 -0.959451 0.00471553 0.596819 0.583411 -0.714759 -0.186975 -2.71859 1.33349 -0.179645 0.972911 0.224378 -0.0556649 -0.22058 0.973065 0.0670009 0.0691991 -0.0529073 0.996199
31.040000 -0.955794 -0.00993674 0.599999 0.0722944 -0.746143 0.249126 -1.15265 0.422113 -0.179657 0.973076 0.226168 -0.0444078 -0.22125 0.970576 0.0950249 0.0645927 -0.0826412 0.994484
31.060000 -0.957326 -0.024804 0.605289 -0.104685 -0.748644 0.260523 -1.40163 0.667703 -0.268187 0.972779 0.22967 -0.030858 -0.224308 0.966662 0.123493 0.0581918 -0.113209 0.991866
31.080000 -0.961384 -0.0408668 0.609205 -0.217194 -0.810643 0.177412 -1.3116 0.762113 -0.340145 0.97231 0.233219 -0.014879 -0.228385 0.96179 0.150996 0.0495256 -0.143416 0.988422
31.100000 -0.966719 -0.0577743 0.611182 -0.289093 -0.83029 0.0852561 -1.23608 0.646362 -0.506936 0.970892 0.239518 3.20088e-05 -0.235766 0.955661 0.176427 0.0422268 -0.171299 0.984314
31.120000 -0.975551 -0.0734656 0.611832 -0.450341 -0.764522 0.0274442 -1.2707 0.982387 -0.585976 0.969103 0.24578 0.0207725 -0.244832 0.948297 0.201966 0.0299408 -0.200812 0.979172
31.140000 -0.989028 -0.0880058 0.612057 -0.669618 -0.719113 -0.00350636 -0.984102 1.04689 -0.678512 0.966331 0.25339 0.0446861 -0.256923 0.940851 0.220884 0.0139269 -0.224928 0.974276
31.160000 -1.009 -0.0999047 0.611553 -0.982668 -0.560415 -0.0596787 -0.356147 1.0889 -0.858509 0.961825 0.264415 0.0705532 -0.273604 0.934586 0.227352 -0.00582276 -0.237976 0.971254
31.180000 -1.03701 -0.108551 0.609812 -1.37307 -0.407413 -0.109232 0.440048 1.09612 -1.054 0.955427 0.278471 0.0980487 -0.293664 0.930564 0.218662 -0.0303497 -0.237709 0.970862
31.200000 -1.071 -0.114361 0.606183 -1.69527 -0.275585 -0.201181 1.24901 1.35476 -1.1109 0.947189 0.293656 0.128841 -0.314427 0.929409 0.193221 -0.0630054 -0.223528 0.972659
31.220000 -1.10786 -0.118727 0.603263 -1.83339 -0.213082 -0.15839 1.06479 1.07354 -0.61307 0.9403 0.304091 0.152852 -0.327596 0.930438 0.164212 -0.0922839 -0.204482 0.97451
31.240000 -1.14461 -0.11967 0.602318 -1.70238 0.0157457 -0.0643944 1.15226 -0.434827 0.751689 0.941858 0.297529 0.156141 -0.31901 0.937733 0.137438 -0.105527 -0.179258 0.978126
31.260000 -1.18146 -0.114141 0.597722 -1.84399 0.346229 -0.265222 1.16163 0.173684 1.58442 0.950666 0.269824 0.153065 -0.288477 0.950393 0.116337 -0.114081 -0.154753 0.981344
31.280000 -1.21253 -0.1054 0.595692 -1.4452 0.424433 -0.00330685 1.0064 0.375551 1.22844 0.956868 0.245126 0.15594 -0.262137 0.95987 0.0996641 -0.125252 -0.136243 0.982726
31.300000 -1.23568 -0.0940736 0.595231 -1.05584 0.624425 -0.0467443 0.66341 0.524811 1.017 0.961132 0.223193 0.16251 -0.239167 0.967143 0.0862209 -0.137927 -0.121737 0.982933
31.320000 -1.25222 -0.0808809 0.594327 -0.770209 0.659259 -0.0430893 0.666038 0.452021 0.560812 0.962898 0.209162 0.170526 -0.224154 0.971756 0.0737856 -0.150277 -0.109272 0.982587
31.340000 -1.26591 -0.0676802 0.594002 -0.636251 0.665762 -0.00805032 1.42854 0.192967 0.0151479 0.962405 0.207541 0.175224 -0.218905 0.974564 0.048017 -0.160802 -0.0845693 0.983357
31.360000 -1.27662 -0.0537643 0.593212 -0.511354 0.696515 -0.0414472 1.8648 -0.109375 -0.369333 0.961341 0.213798 0.173531 -0.21891 0.975687 0.0106431 -0.167037 -0.0482193 0.984771
31.380000 -1.28512 -0.0405724 0.592702 -0.401849 0.65213 -0.0158556 1.9313 -0.151427 -0.532032 0.959775 0.223911 0.169401 -0.22199 0.974574 -0.0304423 -0.171911 -0.00838771 0.985077
31.400000 -1.29056 -0.0283037 0.593657 -0.221636 0.610696 0.0669186 2.01218 -0.190081 -0.732755 0.957337 0.237845 0.164118 -0.228554 0.970743 -0.0736247 -0.176828 0.0329739 0.983689
31.420000 -1.28919 -0.015424 0.597031 0.234963 0.66814 0.201682 1.9832 -0.579777 -0.513547 0.955854 0.250253 0.154001 -0.234164 0.965339 -0.115273 -0.177511 0.0741227 0.981323
31.440000 -1.28186 -0.00185488 0.601771 0.395077 0.674773 0.242733 1.42453 -0.794292 -0.636779 0.955637 0.260584 0.137309 -0.240322 0.959338 -0.148039 -0.170302 0.108473 0.979403
31.460000 -1.27135 0.0116261 0.606221 0.539886 0.681051 0.219232 1.11322 -1.01442 -0.796679 0.95493 0.273562 0.115203 -0.251857 0.952128 -0.173264 -0.157087 0.136441 0.978114
31.480000 -1.2567 0.0254449 0.609584 0.743408 0.707823 0.156305 0.852072 -1.15942 -0.843752 0.953791 0.286931 0.0891776 -0.266083 0.94445 -0.19291 -0.139576 0.160268 0.977156
31.500000 -1.23733 0.0398335 0.611591 0.965382 0.741489 0.0785659 0.626891 -1.21254 -0.856286 0.952057 0.299805 0.0608699 -0.281715 0.936765 -0.207627 -0.119268 0.180525 0.976312
31.520000 -1.20937 0.0538707 0.611833 1.38993 0.7095 -0.0108467 0.213173 -1.44142 -0.863864 0.950183 0.310427 0.0280651 -0.297618 0.930342 -0.214213 -0.0926077 0.195189 0.976384
31.540000 -1.17231 0.0663238 0.609624 1.83555 0.615499 -0.133926 -0.330341 -1.73492 -0.851483 0.947569 0.319386 -0.0102557 -0.314417 0.926137 -0.208356 -0.0570478 0.200657 0.977999
31.560000 -1.13075 0.0764942 0.603626 1.9948 0.490329 -0.331156 -0.617217 -1.76638 -0.63636 0.944684 0.324385 -0.0484305 -0.327479 0.924731 -0.193986 -0.0181411 0.199115 0.979808
31.580000 -1.08944 0.0830733 0.597412 1.96024 0.323154 -0.247573 -1.04148 -1.30622 -0.513042 0.940776 0.32887 -0.082366 -0.338347 0.926145 -0.166665 0.0214717 0.184663 0.982567
31.600000 -1.05349 0.0853673 0.590115 1.752 0.0270171 -0.50018 -0.463316 -1.41995 -0.265809 0.937687 0.329143 -0.11139 -0.343046 0.927919 -0.145895 0.0553403 0.175016 0.983009
31.620000 -1.02886 0.0805883 0.583357 0.945008 -0.31354 -0.195528 0.448348 -0.439719 0.172828 0.937549 0.325656 -0.122272 -0.341276 0.929157 -0.142119 0.0673284 0.174972 0.982269
31.640000 -1.01506 0.0691481 0.584502 0.661847 -0.660132 0.153561 0.0172739 -0.370349 0.216994 0.938334 0.320352 -0.130014 -0.33761 0.930059 -0.144946 0.074487 0.179902 0.98086
31.660000 -0.998348 0.0515692 0.587215 0.845132 -0.925949 0.12025 -1.50274 0.0317363 0.218485 0.939853 0.316525 -0.128406 -0.331538 0.935792 -0.119899 0.0822099 0.155259 0.984447
31.680000 -0.984398 0.0328213 0.590532 0.645409 -0.935483 0.172512 -1.80785 0.257784 -0.0154163 0.940517 0.316191 -0.124303 -0.327659 0.940891 -0.0858157 0.0898215 0.12144 0.988526
31.700000 -0.974829 0.0140559 0.595192 0.428589 -0.935547 0.242627 -2.07657 0.287241 -0.448615 0.938591 0.323332 -0.120431 -0.330569 0.94269 -0.0453895 0.0988532 0.0824129 0.991683
31.720000 -0.967875 -0.00399951 0.600349 0.319699 -0.892362 0.253738 -1.86158 0.388318 -0.548944 0.935692 0.334155 -0.113228 -0.33687 0.941537 -0.00518538 0.104876 0.042995 0.993555
31.740000 -0.964565 -0.0209051 0.604558 0.110042 -0.830763 0.19942 -2.04869 1.08495 -0.591266 0.933598 0.346069 -0.0929068 -0.343984 0.938202 0.0381061 0.100353 -0.00361737 0.994945
31.760000 -0.966897 -0.0378792 0.607241 -0.174513 -0.842734 0.111204 -1.91692 1.46173 -0.457647 0.933132 0.353825 -0.0638232 -0.348628 0.933846 0.0799355 0.0878842 -0.0523398 0.994755
31.780000 -0.973891 -0.0542646 0.609865 -0.393421 -0.823608 0.134163 -1.58082 1.51294 -0.532448 0.93166 0.361934 -0.031831 -0.35632 0.927297 0.114704 0.0710319 -0.0955229 0.99289
31.800000 -0.983918 -0.0698792 0.611502 -0.505141 -0.780684 0.0712321 -1.23456 1.4724 -0.696135 0.928486 0.371366 0.00081852 -0.367725 0.919071 0.141727 0.0518802 -0.131892 0.989905
31.820000 -0.996781 -0.0829464 0.611323 -0.625809 -0.616932 -0.0194716 -0.851531 1.3565 -0.596013 0.924588 0.379645 0.0317194 -0.379625 0.911143 0.160324 0.0319654 -0.160275 0.986555
31.840000 -1.01268 -0.0936827 0.608183 -0.774182 -0.569103 -0.171732 -0.0827725 1.55622 -0.437173 0.921403 0.383251 0.0642987 -0.388573 0.906406 0.165649 0.00520466 -0.177615 0.984086
31.860000 -1.03399 -0.101983 0.60338 -1.05737 -0.39132 -0.270775 -0.0319978 1.6699 -0.343831 0.917984 0.384044 0.0990727 -0.395739 0.903525 0.164415 -0.0263719 -0.190138 0.981403
31.880000 -1.06143 -0.106962 0.597431 -1.35087 -0.19968 -0.314607 0.144198 1.39544 -0.122362 0.914684 0.382429 0.13077 -0.399805 0.903555 0.154089 -0.0592301 -0.193226 0.979365
31.900000 -1.09177 -0.107852 0.595381 -1.46695 -0.00925608 -0.0641886 0.216338 0.95535 0.450962 0.915825 0.372098 0.151019 -0.393191 0.907329 0.148848 -0.081638 -0.195698 0.97726
31.920000 -1.12032 -0.105241 0.597524 -1.43481 0.208525 0.175224 0.21855 0.684749 0.699776 0.920441 0.355574 0.162341 -0.3793 0.912841 0.151171 -0.0944396 -0.20072 0.975086
31.940000 -1.15077 -0.0947163 0.602189 -1.46496 0.59838 0.269817 0.286902 0.344555 0.712834 0.924088 0.341969 0.170641 -0.366704 0.91915 0.143847 -0.107654 -0.195502 0.974777
31.960000 -1.18187 -0.0810033 0.606626 -1.52294 0.697667 0.180775 0.500258 0.405399 0.67061 0.927256 0.330046 0.176818 -0.354874 0.925276 0.133897 -0.119414 -0.186905 0.975093
31.980000 -1.21045 -0.0668103 0.606318 -1.36345 0.687262 -0.0361109 0.597594 0.201962 0.922265 0.933083 0.311808 0.179252 -0.336101 0.933365 0.125961 -0.128032 -0.177779 0.975706
32.000000 -1.23502 -0.0538351 0.603458 -1.19697 0.634623 -0.181124 0.796894 -0.0226376 0.695164 0.938045 0.297543 0.177593 -0.319672 0.940867 0.112158 -0.13372 -0.161981 0.977692
32.020000 -1.2554 -0.0424327 0.598886 -0.961032 0.540523 -0.237931 0.598037 -0.0581573 0.609931 0.942274 0.285767 0.174522 -0.305712 0.946835 0.100216 -0.136605 -0.147784 0.97954
32.040000 -1.27114 -0.0328152 0.595336 -0.729543 0.461362 -0.15298 0.597729 -0.114495 0.447125 0.945294 0.277033 0.172254 -0.295136 0.951226 0.0898008 -0.138974 -0.135726 0.980951
32.060000 -1.28218 -0.0256069 0.595118 -0.472558 0.355783 0.0437058 1.37939 -0.269895 0.163395 0.947585 0.273264 0.165556 -0.286972 0.95573 0.0650164 -0.14046 -0.109118 0.984055
32.080000 -1.28841 -0.0176789 0.595189 -0.280133 0.405029 -0.00264852 1.38657 -0.185866 -0.146645 0.947729 0.275161 0.161545 -0.284213 0.958107 0.0354261 -0.14503 -0.0794875 0.986229
32.100000 -1.29121 -0.00949158 0.595455 -0.104489 0.409908 0.0108989 1.39507 -0.223132 -0.135685 0.947577 0.278589 0.15648 -0.282853 0.959149 0.0052221 -0.148633 -0.0492093 0.987667
32.120000 -1.29215 -0.00150111 0.595249 -0.024949 0.395261 -0.00865783 1.5055 -0.37343 -0.294622 0.947225 0.284042 0.148608 -0.283336 0.958659 -0.0263489 -0.149948 -0.0171476 0.988545
32.140000 -1.29191 0.00599756 0.595815 0.0231477 0.369332 0.0412235 1.68765 -0.474522 -0.43608 0.946326 0.292199 0.138153 -0.286156 0.956162 -0.0621973 -0.150271 0.0193255 0.988456
32.160000 -1.28898 0.0134467 0.59702 0.1764 0.379026 0.0654119 1.69597 -0.596467 -0.441194 0.945587 0.300395 0.125014 -0.289422 0.952104 -0.0986574 -0.148663 0.0571073 0.987238
32.180000 -1.28254 0.0208776 0.599721 0.340348 0.379149 0.147923 1.5156 -0.758788 -0.421023 0.94516 0.308027 0.108585 -0.293366 0.946804 -0.13228 -0.143555 0.0931703 0.985247
32.200000 -1.27286 0.0282815 0.60352 0.494913 0.378242 0.196828 1.17432 -0.918883 -0.427979 0.945032 0.314611 0.0890743 -0.298389 0.941187 -0.158527 -0.13371 0.123235 0.983328
32.220000 -1.25962 0.0356126 0.607726 0.669432 0.365961 0.21103 0.926192 -1.03348 -0.543329 0.944658 0.321251 0.0664722 -0.305432 0.93521 -0.179148 -0.119717 0.148931 0.981574
32.240000 -1.24073 0.041955 0.611327 0.944828 0.326625 0.171452 0.649167 -1.08768 -0.745777 0.942567 0.331454 0.0413063 -0.317896 0.928142 -0.193633 -0.102519 0.169381 0.980204
32.260000 -1.21399 0.0471166 0.61348 1.34816 0.255178 0.0858855 0.300355 -1.16423 -0.830698 0.939765 0.341548 0.0136898 -0.332091 0.921766 -0.200157 -0.0809819 0.183554 0.979668
32.280000 -1.18034 0.0508196 0.613551 1.64589 0.215893 -0.00564614 0.0301191 -1.10773 -0.743534 0.935936 0.3519 -0.0138096 -0.347453 0.916289 -0.199225 -0.0574537 0.19126 0.979856
32.300000 -1.14512 0.0549324 0.611295 1.688 0.242656 -0.135549 -0.243336 -1.0206 -0.653523 0.931978 0.360486 -0.038297 -0.360855 0.912424 -0.193046 -0.0346473 0.193734 0.980442
32.320000 -1.11098 0.0600609 0.60721 1.61829 0.271413 -0.232734 -0.750841 -0.982038 -0.294137 0.929756 0.36327 -0.0599147 -0.368038 0.912534 -0.17841 -0.0101369 0.187929 0.98213
32.340000 -1.08057 0.066038 0.605233 1.43206 0.32129 -0.0724898 -1.2544 -0.677158 0.336189 0.931337 0.356838 -0.0726448 -0.363956 0.918757 -0.153042 0.0121315 0.168974 0.985546
32.360000 -1.05413 0.0707204 0.604465 1.25812 0.206383 -0.0451244 -1.42882 -0.473548 0.579934 0.935355 0.343686 -0.0836126 -0.351993 0.927701 -0.124388 0.0348172 0.145778 0.988705
32.380000 -1.02918 0.0719332 0.601022 1.22463 0.0220483 -0.22826 -0.481341 0.187987 0.389549 0.938511 0.335091 -0.0831305 -0.342929 0.932643 -0.11215 0.0399506 0.133762 0.990208
32.400000 -1.00621 0.0719719 0.600915 1.10009 -0.00183377 0.0809991 -1.52552 0.537722 0.212342 0.940564 0.331949 -0.0717577 -0.337298 0.937701 -0.0833528 0.0396184 0.102602 0.993933
32.420000 -0.987567 0.0693068 0.598487 0.891192 -0.200958 -0.133609 -1.11106 0.350166 0.463053 0.943516 0.325181 -0.0635213 -0.328876 0.942441 -0.0603803 0.0402305 0.0778604 0.996152
32.440000 -0.973459 0.0650048 0.598411 0.621796 -0.27066 -0.0650732 -1.40077 0.382515 0.39792 0.946527 0.317698 -0.0561667 -0.319577 0.94714 -0.0282127 0.0442347 0.0446537 0.998023
32.460000 -0.965637 0.0570799 0.598698 0.288564 -0.467813 -0.0440579 -1.56219 0.561224 0.249129 0.948981 0.312163 -0.0446012 -0.312156 0.950003 0.00730151 0.0446505 0.00699351 0.998978
32.480000 -0.967386 0.0472322 0.604377 -0.134117 -0.502187 0.277593 -1.84808 0.592372 0.174894 0.950736 0.308096 -0.0343216 -0.306554 0.950848 0.0437455 0.0461125 -0.031069 0.998453
32.500000 -0.973178 0.0369073 0.610506 -0.327684 -0.521547 0.315706 -2.30922 1.0818 0.0953312 0.952284 0.304874 -0.0143822 -0.302489 0.949019 0.0886753 0.0406837 -0.0800936 0.995957
32.520000 -0.982267 0.0255426 0.615892 -0.477329 -0.575187 0.249666 -2.13596 1.03294 0.140376 0.953917 0.299996 0.00667709 -0.298188 0.945208 0.132915 0.0335628 -0.128781 0.991105
32.540000 -0.992933 0.0134145 0.620124 -0.525774 -0.612571 0.1962 -1.76521 0.836507 0.0885745 0.955177 0.295046 0.0241843 -0.294764 0.940332 0.169971 0.0274081 -0.169481 0.985152
32.560000 -1.00572 0.00109991 0.623376 -0.636725 -0.620444 0.146899 -1.42838 0.771908 -0.0971157 0.955185 0.293273 0.0401502 -0.295258 0.93431 0.199716 0.0210585 -0.20262 0.979031
32.580000 -1.02281 -0.0104795 0.62634 -0.86514 -0.564464 0.136757 -0.828076 0.798315 -0.377156 0.953609 0.295523 0.0574077 -0.300839 0.928377 0.218204 0.0111883 -0.225352 0.974213
32.600000 -1.04767 -0.0185175 0.628899 -1.28051 -0.354038 0.111497 -0.305972 0.965823 -0.543623 0.951137 0.298814 0.0777661 -0.308738 0.923869 0.226157 -0.0042668 -0.239115 0.970982
32.620000 -1.08153 -0.0215848 0.63076 -1.68468 -0.149536 0.0636022 -0.0702999 1.21617 -0.522375 0.947417 0.302201 0.105244 -0.318708 0.92064 0.225493 -0.0287483 -0.247178 0.968544
32.640000 -1.12239 -0.0216861 0.632799 -2.00917 -0.000946893 0.053315 0.740502 1.18534 -0.466387 0.942852 0.305097 0.133966 -0.327915 0.920978 0.210407 -0.0591847 -0.242312 0.968391
32.660000 -1.16543 -0.0208333 0.631695 -2.08915 0.0149389 -0.078323 1.42045 0.927128 -0.254753 0.9392 0.306168 0.155449 -0.331813 0.925723 0.181488 -0.0883367 -0.222033 0.971029
32.680000 -1.20533 -0.0201184 0.626821 -1.95089 0.0145999 -0.307773 1.12826 1.00696 -0.140567 0.935563 0.304425 0.179018 -0.332701 0.929765 0.157632 -0.118457 -0.207034 0.971136
32.700000 -1.24215 -0.0210241 0.619953 -1.79157 -0.0516774 -0.389062 1.50711 0.336399 0.0379594 0.934151 0.303082 0.188422 -0.329137 0.935758 0.12659 -0.13795 -0.180271 0.973895
32.720000 -1.27438 -0.0198933 0.614376 -1.52147 0.0771038 -0.249552 1.27166 0.0174743 0.170419 0.934995 0.300042 0.189103 -0.322245 0.941401 0.0996136 -0.148133 -0.154076 0.976892
32.740000 -1.30035 -0.0163919 0.613582 -1.23437 0.207144 -0.0186059 1.10917 0.0785343 0.190667 0.935983 0.296664 0.189545 -0.315074 0.946092 0.0750896 -0.157051 -0.130003 0.978997
32.760000 -1.32172 -0.00975611 0.614453 -1.01564 0.382054 0.065257 1.10664 -0.169203 0.0357983 0.937043 0.295742 0.185709 -0.309921 0.949342 0.0519566 -0.160935 -0.10624 0.98123
32.780000 -1.34042 -0.00201264 0.618123 -0.87497 0.398044 0.186546 1.29869 -0.425011 -0.0220009 0.93828 0.297781 0.175947 -0.306487 0.951574 0.0239221 -0.160303 -0.0763712 0.984109
32.800000 -1.35442 0.00723348 0.620421 -0.598009 0.547061 0.005622 1.02614 -0.737314 -0.188256 0.939839 0.301221 0.161149 -0.304852 0.952397 -0.00229258 -0.154169 -0.0469721 0.986927
32.820000 -1.36247 0.0201956 0.618892 -0.374948 0.658794 -0.0895792 1.04964 -1.07079 -0.0802424 0.942217 0.304333 0.140029 -0.303981 0.952365 -0.0244215 -0.140791 -0.0195559 0.989846
32.840000 -1.36529 0.0323459 0.617864 -0.0706224 0.583169 -0.0509661 1.24936 -1.61455 0.0883017 0.945983 0.305262 0.109229 -0.301338 0.952142 -0.0511958 -0.11963 0.0155155 0.992697
32.860000 -1.36309 0.0430096 0.616702 0.126384 0.522625 -0.0798584 1.28177 -1.79508 -0.19277 0.949011 0.30674 0.0727275 -0.301179 0.950354 -0.0782255 -0.0931117 0.0523328 0.994279
32.880000 -1.35653 0.0527688 0.614203 0.336585 0.484561 -0.147614 1.11683 -1.83024 -0.289259 0.950427 0.309002 0.0347471 -0.304227 0.947166 -0.101597 -0.064305 0.0859897 0.994219
32.900000 -1.34471 0.0622091 0.610401 0.562787 0.487694 -0.215263 0.903921 -1.87447 -0.225958 0.950752 0.309923 -0.00429226 -0.308172 0.943718 -0.12011 -0.0331741 0.115518 0.992751
32.920000 -1.32607 0.0708931 0.605491 0.913482 0.459441 -0.235919 0.726521 -1.5988 -0.318167 0.949086 0.312734 -0.0378533 -0.314936 0.93925 -0.136474 -0.00712644 0.141447 0.98992
32.940000 -1.30213 0.0783138 0.603496 1.14559 0.371448 -0.00346034 0.00944865 -1.25736 -0.287802 0.946413 0.315489 -0.0690568 -0.32225 0.936653 -0.137243 0.0213836 0.152142 0.988127
32.960000 -1.27638 0.0834685 0.608072 1.26452 0.249894 0.268493 -0.550142 -0.877577 0.224738 0.946462 0.309987 -0.0901021 -0.319622 0.939022 -0.126806 0.0452997 0.148815 0.987827
32.980000 -1.24916 0.0863512 0.615196 1.32629 0.128878 0.347043 -0.679706 -0.637436 0.53251 0.948825 0.298671 -0.102595 -0.309441 0.944158 -0.113192 0.0630585 0.139147 0.988262
33.000000 -1.22192 0.0872743 0.624043 1.36893 0.0289674 0.448094 -0.649533 -0.426272 0.718886 0.953006 0.282542 -0.109318 -0.293311 0.950822 -0.0995317 0.0758198 0.126918 0.989011
33.020000 -1.19563 0.086591 0.63073 1.23751 -0.0806351 0.241102 -1.19809 -0.431957 0.763713 0.956646 0.267421 -0.115387 -0.277172 0.957597 -0.0786382 0.0894645 0.107211 0.990203
33.040000 -1.17236 0.084887 0.634088 1.1258 -0.079927 0.134984 -1.6484 -0.015421 0.516743 0.959469 0.256599 -0.116516 -0.263499 0.963464 -0.0480194 0.0999376 0.076775 0.992027
33.060000 -1.15159 0.0831868 0.636036 1.00125 -0.0756525 0.0822945 -1.66665 0.125436 0.379157 0.961747 0.249019 -0.114161 -0.252145 0.967594 -0.0135827 0.107079 0.0418483 0.993369
33.080000 -1.13368 0.0810762 0.637468 0.841762 -0.111927 0.052953 -1.45521 0.164414 0.306414 0.963706 0.243052 -0.11044 -0.242581 0.969966 0.0178915 0.111472 0.0095485 0.993722
33.100000 -1.12157 0.076896 0.636125 0.532126 -0.265959 -0.10341 -1.28127 0.182256 0.414099 0.965934 0.236005 -0.10618 -0.232448 0.971572 0.0448883 0.113755 -0.0186778 0.993333
33.120000 -1.1146 0.0698176 0.632914 0.300595 -0.373497 -0.158454 -1.22491 0.485411 0.415304 0.968794 0.227591 -0.0981889 -0.221447 0.972683 0.0696362 0.111355 -0.0457195 0.992728
33.140000 -1.11196 0.0620514 0.631149 0.0768132 -0.387721 -0.0583254 -1.40227 0.698952 0.278102 0.971624 0.220569 -0.0854175 -0.212272 0.972437 0.0964716 0.104342 -0.0756024 0.991664
33.160000 -1.11413 0.0544202 0.632892 -0.162432 -0.375746 0.129012 -1.69126 0.792385 -0.0413635 0.973419 0.21815 -0.0697581 -0.207997 0.96952 0.129489 0.09588 -0.111538 0.989124
33.180000 -1.12089 0.046357 0.634705 -0.383266 -0.411314 0.0844371 -1.43718 0.911109 -0.178995 0.974402 0.218991 -0.0508212 -0.208477 0.964808 0.160258 0.0841279 -0.145561 0.985766
33.200000 -1.13089 0.038341 0.634745 -0.506707 -0.401399 -0.0134468 -0.780686 1.1778 -0.270409 0.974884 0.221127 -0.0265275 -0.212939 0.960362 0.179892 0.065255 -0.169725 0.983329
33.220000 -1.14513 0.0318136 0.632455 -0.726636 -0.317479 -0.122742 -0.124306 1.27748 -0.528291 0.973973 0.226657 0.00177128 -0.223134 0.957405 0.183266 0.0398426 -0.178891 0.983062
33.240000 -1.16572 0.0282074 0.629108 -1.04417 -0.15291 -0.170849 0.323206 1.28315 -0.742383 0.970865 0.237612 0.0310266 -0.239302 0.954621 0.177293 0.0125083 -0.179552 0.983669
33.260000 -1.19263 0.0282826 0.624757 -1.3356 0.0115634 -0.231881 0.909061 1.43189 -0.793299 0.966818 0.247584 0.0629751 -0.254643 0.953753 0.159728 -0.0205166 -0.170464 0.98515
33.280000 -1.22207 0.029209 0.619652 -1.42933 0.033357 -0.24646 1.18748 1.14835 -0.685832 0.961993 0.257156 0.0918742 -0.267752 0.954359 0.132314 -0.0536557 -0.151884 0.986941
33.300000 -1.25162 0.0324056 0.61462 -1.43044 0.191998 -0.209977 1.00292 0.715268 -0.223842 0.958828 0.261852 0.109924 -0.273528 0.95561 0.10951 -0.0763689 -0.135068 0.987889
33.320000 -1.27781 0.038626 0.61516 -1.36894 0.384574 0.0537379 1.08947 0.070052 0.0878182 0.959364 0.260701 0.107958 -0.270266 0.958935 0.0860282 -0.0810966 -0.11171 0.990426
33.340000 -1.30368 0.048685 0.616708 -1.22867 0.524459 0.0498679 1.01432 0.183433 0.121817 0.959631 0.258327 0.111242 -0.266417 0.961659 0.0650733 -0.0901664 -0.0920831 0.991661
33.360000 -1.32588 0.0600197 0.617101 -1.0604 0.565767 0.00612569 0.884917 0.17583 0.121533 0.959916 0.255655 0.1149 -0.262167 0.963953 0.0454244 -0.0991454 -0.0737266 0.992338
33.380000 -1.34485 0.0711537 0.616549 -0.913002 0.555418 -0.0416481 0.831221 0.121973 0.126515 0.960315 0.253062 0.117276 -0.257883 0.96578 0.0276798 -0.106258 -0.0568247 0.992714
33.400000 -1.36188 0.0820212 0.614793 -0.837637 0.543761 -0.0992143 0.794296 0.0249861 0.0433219 0.960597 0.251921 0.117424 -0.254858 0.966922 0.0104535 -0.110906 -0.039968 0.993027
33.420000 -1.37627 0.0923876 0.611838 -0.677147 0.51552 -0.158883 0.733788 -0.173492 0.0946788 0.961282 0.250985 0.113766 -0.251997 0.967712 -0.00562734 -0.111505 -0.0232593 0.993492
33.440000 -1.38644 0.102247 0.608183 -0.470022 0.492224 -0.188327 0.693138 -0.349505 0.181753 0.962879 0.248094 0.106363 -0.247339 0.968713 -0.0204415 -0.108107 -0.00662504 0.994117
33.460000 -1.39408 0.111627 0.604285 -0.33106 0.474443 -0.193746 0.788429 -0.581595 0.144268 0.964336 0.247075 0.0949185 -0.244711 0.968929 -0.0359702 -0.100857 0.0114598 0.994835
33.480000 -1.39684 0.118801 0.602414 -0.0706022 0.328361 -0.0746733 1.27051 -0.821369 0.0389567 0.966483 0.244488 0.0783344 -0.240271 0.96888 -0.059504 -0.0904447 0.0386881 0.99515
33.500000 -1.39371 0.12418 0.602253 0.184946 0.256534 -0.00273125 1.53745 -1.01955 -0.125553 0.967837 0.244874 0.0576975 -0.239272 0.966809 -0.0896085 -0.0777252 0.072921 0.994304
33.520000 -1.38447 0.128187 0.602663 0.493248 0.187569 0.0158204 1.12745 -1.38913 -0.322324 0.968537 0.24707 0.0298785 -0.242236 0.963436 -0.114516 -0.0570794 0.103675 0.992972
33.540000 -1.36724 0.130379 0.602519 0.871308 0.0947358 -0.0148694 0.725666 -1.7103 -0.380406 0.968418 0.249263 -0.00578552 -0.247888 0.960066 -0.129713 -0.0267782 0.12705 0.991535
33.560000 -1.34176 0.130602 0.602017 1.27068 0.0217155 -0.0203702 0.387833 -1.91728 -0.391887 0.966919 0.250998 -0.0454645 -0.25492 0.957187 -0.137144 0.00909527 0.144197 0.989507
33.580000 -1.30985 0.127663 0.604442 1.5789 -0.168038 0.169453 0.00159384 -1.71572 -0.241111 0.964578 0.250366 -0.0831072 -0.259927 0.955802 -0.137404 0.0450328 0.154138 0.987022
33.600000 -1.27747 0.123582 0.612962 1.52814 -0.18372 0.500039 -0.497898 -0.622776 0.0962561 0.963632 0.246798 -0.102485 -0.258772 0.957509 -0.127331 0.0667054 0.149221 0.986551
33.620000 -1.24461 0.118675 0.624392 1.6022 -0.25069 0.511946 -0.938036 -0.411537 0.13212 0.963468 0.243754 -0.110964 -0.255697 0.960437 -0.110357 0.0796741 0.134699 0.987678
33.640000 -1.21494 0.110037 0.632179 1.36053 -0.490222 0.282269 -1.67515 -0.551632 0.207514 0.963565 0.239382 -0.119324 -0.24928 0.96543 -0.0761848 0.0969614 0.103154 0.989928
33.660000 -1.19294 0.0984956 0.635816 1.03274 -0.578327 0.176742 -1.62371 -0.402489 0.107531 0.963288 0.235622 -0.128678 -0.24272 0.969171 -0.0423629 0.114729 0.0720404 0.990781
33.680000 -1.17516 0.0876654 0.637751 0.841872 -0.53902 0.115446 -1.38581 -0.0933749 0.0094098 0.963475 0.234368 -0.129565 -0.237698 0.971281 -0.0106423 0.123349 0.0410508 0.991514
33.700000 -1.16286 0.0764301 0.638456 0.554449 -0.568145 0.022295 -1.20271 0.198683 -0.116265 0.963542 0.236179 -0.125721 -0.236063 0.971605 0.0160343 0.125938 0.0142284 0.991936
33.720000 -1.15575 0.0652002 0.63727 0.300478 -0.56744 -0.0773512 -1.36123 0.617645 -0.141837 0.96421 0.239245 -0.114287 -0.235682 0.970837 0.0439339 0.121465 -0.015426 0.992476
33.740000 -1.15393 0.053851 0.636596 0.0257471 -0.564423 -0.00146843 -1.87906 0.864885 -0.0817934 0.965724 0.240497 -0.0976606 -0.233293 0.969139 0.0796494 0.113802 -0.0541358 0.992027
33.760000 -1.15711 0.042413 0.63646 -0.208147 -0.5792 0.00555627 -2.05326 1.09794 -0.119277 0.967673 0.240971 -0.074444 -0.230851 0.96514 0.123342 0.101571 -0.102169 0.989568
33.780000 -1.16332 0.0305635 0.636034 -0.328286 -0.578961 -0.0163615 -1.37409 1.00071 -0.439531 0.967901 0.245866 -0.0521285 -0.235347 0.959421 0.155316 0.0882001 -0.138062 0.986488
33.800000 -1.17394 0.0208232 0.633902 -0.556965 -0.460218 -0.113881 -0.655138 1.06863 -0.650835 0.966686 0.254389 -0.028352 -0.245889 0.953692 0.173232 0.0711074 -0.16049 0.984473
33.820000 -1.19018 0.0136005 0.629838 -0.814703 -0.355242 -0.196631 -0.0469369 1.16525 -0.783975 0.964062 0.265673 -0.00143921 -0.261299 0.949142 0.175649 0.0480314 -0.168961 0.984452
33.840000 -1.21214 0.00927521 0.625026 -1.08398 -0.21734 -0.257965 0.398239 1.22612 -0.941092 0.959779 0.279412 0.0274391 -0.279951 0.945055 0.168812 0.0212367 -0.169704 0.985266
33.860000 -1.23733 0.00611568 0.618268 -1.24193 -0.155974 -0.342892 0.837406 1.29349 -0.915995 0.954522 0.292786 0.0562436 -0.298019 0.942361 0.152121 -0.00846266 -0.161965 0.98676
33.880000 -1.26388 0.00423085 0.610429 -1.27536 -0.10764 -0.35951 0.698693 1.06444 -0.476877 0.950361 0.300094 0.0822018 -0.308858 0.941846 0.132413 -0.0376851 -0.151229 0.98778
33.900000 -1.28795 0.00183703 0.603993 -1.14454 -0.116785 -0.279099 0.578204 0.804441 0.100488 0.949223 0.298464 0.0994765 -0.30912 0.943608 0.118531 -0.0584895 -0.143263 0.987955
33.920000 -1.31137 0.00204148 0.600395 -1.11184 0.063421 -0.141353 0.724559 0.806735 0.53734 0.950556 0.28851 0.114914 -0.300293 0.948239 0.103283 -0.0791673 -0.132684 0.987992
33.940000 -1.33391 0.00625031 0.601446 -1.12667 0.270357 0.107411 0.802528 1.03466 1.0467 0.95394 0.268841 0.133127 -0.281688 0.95535 0.0892074 -0.1032 -0.122599 0.987076
33.960000 -1.35651 0.012802 0.603854 -1.11922 0.33688 0.120333 0.840341 0.850453 0.908148 0.956944 0.248717 0.14966 -0.26164 0.962352 0.073643 -0.12571 -0.109629 0.985991
33.980000 -1.378 0.019873 0.604924 -1.05516 0.368234 0.0305391 0.82406 0.364541 0.527775 0.958773 0.236383 0.157727 -0.247873 0.967092 0.057379 -0.138973 -0.0941097 0.985814
34.000000 -1.39905 0.0274911 0.604177 -1.04712 0.394406 -0.0651986 0.995912 -0.218577 0.166671 0.960253 0.232126 0.155019 -0.240521 0.969918 0.0375315 -0.141644 -0.0733251 0.987198
34.020000 -1.41943 0.0351914 0.602561 -0.990592 0.371778 -0.0573595 1.07595 -0.592423 -0.0499546 0.961691 0.233919 0.142945 -0.238208 0.971121 0.0134267 -0.135677 -0.0469631 0.989639
34.040000 -1.43804 0.0406605 0.602074 -0.897182 0.262154 -0.00908875 1.50407 -0.979232 -0.0813164 0.963936 0.235697 0.12359 -0.235348 0.971751 -0.0176298 -0.124254 -0.0120926 0.992177
34.060000 -1.45396 0.0458174 0.600508 -0.791602 0.25496 -0.0993338 1.41638 -1.041 -0.185897 0.965787 0.238421 0.102035 -0.234624 0.970905 -0.0479022 -0.110487 0.0223235 0.993627
34.080000 -1.46658 0.0516567 0.597063 -0.586703 0.304544 -0.185812 1.32603 -1.08734 -0.155124 0.967277 0.240682 0.0802932 -0.234896 0.969108 -0.0751849 -0.0959084 0.0538641 0.993932
34.100000 -1.47472 0.0583117 0.593693 -0.350512 0.349576 -0.17152 1.39391 -1.24927 -0.143583 0.968655 0.242193 0.0552252 -0.235667 0.966259 -0.103948 -0.0785373 0.087675 0.993048
34.120000 -1.47796 0.0661148 0.590831 -0.102063 0.406533 -0.13892 1.13989 -1.39286 -0.133294 0.969711 0.242729 0.027251 -0.237384 0.962827 -0.128891 -0.0575237 0.118518 0.991284
34.140000 -1.47597 0.074271 0.59142 0.150708 0.401174 0.068854 0.481563 -1.3825 -0.188545 0.969844 0.243722 -0.00172935 -0.241486 0.95994 -0.142125 -0.032979 0.138257 0.989847
34.160000 -1.46826 0.0816207 0.595465 0.421769 0.351936 0.226709 0.0443035 -1.49862 -0.403213 0.968538 0.2467 -0.0327647 -0.248832 0.957795 -0.143916 -0.00412218 0.147541 0.989047
34.180000 -1.45213 0.0873272 0.601803 0.867903 0.270094 0.347752 0.192825 -1.60374 -0.486113 0.965825 0.250166 -0.0678209 -0.25762 0.95532 -0.144896 0.0285427 0.157416 0.98712
34.200000 -1.42514 0.0911092 0.610822 1.33555 0.207261 0.476435 -0.0330517 -1.76438 -0.359803 0.9624 0.250199 -0.10577 -0.26371 0.953957 -0.142906 0.0651451 0.165425 0.984068
34.220000 -1.3909 0.0930021 0.619919 1.71277 0.0903976 0.432607 -0.337113 -1.70996 -0.18493 0.95826 0.247792 -0.142606 -0.266677 0.954506 -0.133423 0.103058 0.165884 0.980745
34.240000 -1.35185 0.0928494 0.632966 1.9376 0.00611599 0.681602 -1.07953 -1.29973 -0.283587 0.953657 0.247812 -0.170665 -0.268863 0.95646 -0.113562 0.135093 0.154184 0.978763
34.260000 -1.3124 0.0924878 0.650149 1.88993 -0.0018332 0.900809 -1.3127 -0.581894 -0.140008 0.949841 0.250088 -0.187769 -0.269104 0.959499 -0.0833303 0.159325 0.12968 0.978672
34.280000 -1.27555 0.0892578 0.666144 1.80078 -0.165808 0.762353 -1.9439 -0.427187 0.240343 0.949027 0.245464 -0.197728 -0.259019 0.964801 -0.0454798 0.179604 0.0943769 0.979201
34.300000 -1.24225 0.0854514 0.67816 1.61168 -0.202874 0.556729 -2.04241 -0.175041 0.191162 0.949177 0.241411 -0.201951 -0.247352 0.968916 -0.00432826 0.194628 0.0540613 0.979386
34.320000 -1.21379 0.0822093 0.681608 1.29084 -0.231281 0.0452106 -1.43413 -0.054547 0.155978 0.950051 0.23877 -0.200977 -0.237959 0.970855 0.0285536 0.201937 0.0206968 0.97918
34.340000 -1.19459 0.0730792 0.673695 0.885795 -0.510283 -0.391943 -1.03224 -0.021544 0.156675 0.950475 0.235339 -0.203008 -0.229918 0.971913 0.0502288 0.209127 -0.00106606 0.977888
34.360000 -1.18082 0.0617384 0.664982 0.629447 -0.579902 -0.419077 -1.57293 0.749093 -0.0864144 0.95278 0.235904 -0.191204 -0.224604 0.971236 0.0790823 0.20436 -0.0324029 0.978359
34.380000 -1.17263 0.0492102 0.65938 0.334836 -0.638849 -0.217213 -2.41192 0.952332 -0.159724 0.955902 0.237667 -0.172526 -0.218584 0.968095 0.122529 0.196142 -0.0794139 0.977354
34.400000 -1.16951 0.0357584 0.653859 0.108301 -0.67407 -0.307354 -2.58511 1.36812 -0.289397 0.95969 0.239725 -0.146723 -0.213248 0.961106 0.175499 0.183088 -0.137137 0.973485
