#C t x y z vx vy vz wx wy wz o11 o12 o13 o21 o22 o23 o31 o32 o33
# Recorded every 1th time step
# [Hexapod_0, HexaPod 0.9][727942038]
#  coxaDamp=               0.000000  
#  coxaJointLimitH=        0.800000  
#  coxaJointLimitV=        0.500000  
#  coxaPower=              3.000000  
#  coxaSpeed=             25.000000  
#  tebiaDamp=              0.010000  
#  tebiaJointLimit=        0.200000  
#  tebiaOffset=            0.000000  
#  tebiaPower=             1.800000  
# ######
# [Diamond, 1.0][2014969450]
# ######
30.020000 0.24456 -0.408452 1.04975 -0.813863 0.490832 0.131987 -2.73829 0.277822 -0.296666 0.987181 -0.0818854 -0.137001 0.0525908 0.977309 -0.205186 0.150694 0.195351 0.969087
30.040000 0.222363 -0.402428 1.04943 -1.03729 0.217264 -0.0479218 -2.90575 0.104614 -1.0188 0.988549 -0.0634438 -0.136916 0.043574 0.988687 -0.143526 0.144473 0.135916 0.98013
30.060000 0.201072 -0.402179 1.04393 -0.973852 -0.102557 -0.379802 -2.6593 0.151645 -1.35384 0.989999 -0.0354169 -0.136557 0.0241456 0.996229 -0.0833302 0.138993 0.0791996 0.987121
30.080000 0.183874 -0.40835 1.03219 -0.780954 -0.339783 -0.650893 -2.40377 0.333879 -1.83196 0.9912 -0.000583784 -0.132373 -0.00321355 0.999589 -0.0284712 0.132335 0.0286461 0.990791
30.100000 0.169192 -0.41297 1.01593 -0.744444 -0.182614 -0.859196 -2.11589 0.587253 -1.71883 0.991897 0.034299 -0.122331 -0.0321644 0.999295 0.0193819 0.122909 -0.0152902 0.9923
30.120000 0.155311 -0.412838 0.996361 -0.707498 0.0428247 -0.966114 -1.90563 0.564507 -1.44412 0.992084 0.0636672 -0.108236 -0.0573009 0.996495 0.0609473 0.111737 -0.0542628 0.992255
30.140000 0.143648 -0.407973 0.977407 -0.549175 0.267924 -0.981873 -2.215 0.135112 -1.30974 0.990695 0.089179 -0.102811 -0.0785965 0.991597 0.102755 0.111111 -0.0937182 0.989379
30.160000 0.134595 -0.400781 0.952123 -0.421816 0.381892 -1.29547 -3.17047 -0.0705064 -1.58273 0.987787 0.119784 -0.0996401 -0.101967 0.980518 0.167891 0.11781 -0.15568 0.980757
30.180000 0.124972 -0.40124 0.935927 -0.516684 -0.0706894 -0.689003 0.614763 -1.26645 -0.819179 0.982356 0.142496 -0.121127 -0.12307 0.980214 0.155028 0.140821 -0.137386 0.980456
30.200000 0.114823 -0.405149 0.927922 -0.532936 -0.245957 -0.209854 0.95883 -0.388743 -0.284523 0.978887 0.152712 -0.135862 -0.133815 0.981239 0.138795 0.154509 -0.117685 0.980957
30.220000 0.107324 -0.409057 0.924289 -0.317079 -0.190875 -0.131989 1.46469 -0.685161 0.65401 0.978009 0.143435 -0.151409 -0.128109 0.986016 0.106581 0.164579 -0.0848401 0.982708
30.240000 0.108023 -0.413087 0.923244 0.158006 -0.180193 -0.0214313 2.03406 -0.920181 1.52927 0.978322 0.117399 -0.170595 -0.108342 0.99221 0.0614928 0.176485 -0.0416771 0.983421
30.260000 0.12132 -0.416856 0.927174 0.784867 -0.191584 0.239376 2.23026 -1.01988 1.8008 0.978011 0.0795694 -0.192775 -0.0797394 0.996792 0.00688909 0.192705 0.00863419 0.981219
30.280000 0.144712 -0.42111 0.936029 1.18507 -0.22238 0.435686 2.58965 -1.04607 1.65743 0.976032 0.0397544 -0.213964 -0.0522838 0.997213 -0.0532194 0.211252 0.0631307 0.975391
30.300000 0.175574 -0.420836 0.952421 1.5172 0.0705558 0.813691 2.68613 -0.662386 1.08064 0.974254 0.0117357 -0.225147 -0.037896 0.99296 -0.112226 0.222244 0.117869 0.96784
30.320000 0.209701 -0.416216 0.968426 1.66114 0.267076 0.811074 2.7242 -1.02705 0.966677 0.969896 -0.0120953 -0.243217 -0.0311273 0.984415 -0.173084 0.24152 0.175444 0.954404
30.340000 0.242049 -0.406496 0.985677 1.56486 0.625957 1.07623 1.73532 -0.526252 0.632869 0.965196 -0.0325677 -0.259492 -0.0267973 0.974678 -0.222001 0.260152 0.221228 0.939883
30.360000 0.27204 -0.391169 1.00547 1.4401 0.803654 0.923628 1.674 -0.634857 0.487017 0.962364 -0.0449903 -0.268016 -0.0260743 0.966366 -0.255844 0.270512 0.253203 0.928823
30.380000 0.301211 -0.37525 1.0213 1.44007 0.792564 0.697038 1.53976 -0.639499 0.144675 0.959541 -0.0524433 -0.276643 -0.0300174 0.95785 -0.285697 0.279965 0.282442 0.917522
30.400000 0.324176 -0.36583 1.02452 0.942895 0.158369 -0.286729 2.11655 -1.22009 1.31855 0.955334 -0.0702561 -0.287057 -0.0263485 0.947215 -0.319516 0.294352 0.312808 0.903055
30.420000 0.338518 -0.364906 1.02149 0.723123 0.0264318 -0.0509216 -0.406751 0.184028 0.262012 0.955705 -0.0753031 -0.284531 -0.0148184 0.95318 -0.302039 0.293954 0.292876 0.909843
30.440000 0.34739 -0.367832 1.01534 0.390784 -0.163074 -0.308037 -1.16042 0.313712 0.0204489 0.957412 -0.0754032 -0.278705 -0.00524007 0.960599 -0.277889 0.288678 0.267515 0.919294
30.460000 0.350944 -0.369625 1.00832 0.132414 -0.103944 -0.330317 -2.2449 1.2351 -0.222915 0.963438 -0.0644266 -0.260071 0.00278041 0.973011 -0.230741 0.267918 0.221582 0.937615
30.480000 0.347852 -0.37111 0.998617 -0.165435 -0.0863588 -0.520404 -2.67698 1.67236 -0.757444 0.971761 -0.0431493 -0.23199 0.00234005 0.984853 -0.173377 0.235957 0.167938 0.957142
30.500000 0.339367 -0.373438 0.98706 -0.360251 -0.0844348 -0.661033 -2.91089 1.94293 -1.27922 0.980018 -0.0123718 -0.198522 -0.0100357 0.993717 -0.11147 0.198654 0.111235 0.973737
30.520000 0.327321 -0.37799 0.977491 -0.601968 -0.272426 -0.484659 -2.10768 2.10328 -1.28998 0.987043 0.018429 -0.159397 -0.0286035 0.99768 -0.0617742 0.157888 0.0655331 0.98528
30.540000 0.307088 -0.386924 0.966554 -1.11362 -0.494026 -0.466726 -2.1061 1.7935 -1.07972 0.991899 0.043041 -0.119516 -0.0446731 0.998941 -0.0110098 0.118916 0.0162598 0.992771
30.560000 0.282634 -0.396446 0.952859 -1.0899 -0.307861 -0.896584 -3.1361 2.33312 -0.982077 0.995015 0.0629508 -0.0773413 -0.0595003 0.997161 0.0461379 0.0800262 -0.0413061 0.995937
30.580000 0.260786 -0.406977 0.938494 -1.08006 -0.625383 -0.416563 -0.656531 2.08357 -0.863629 0.996093 0.0810488 -0.035062 -0.0781061 0.993855 0.0784272 0.041203 -0.0753822 0.996303
30.600000 0.240886 -0.418537 0.935589 -0.956169 -0.459664 0.0173578 -0.734815 0.807497 -0.658332 0.995653 0.0928151 -0.00779529 -0.0917177 0.991569 0.0915394 0.0162258 -0.0904265 0.995771
30.620000 0.22727 -0.422617 0.932936 -0.406941 0.0871751 -0.29973 1.24539 -0.800757 0.475851 0.995478 0.0944303 -0.0103438 -0.0931731 0.991803 0.0874398 0.018516 -0.0860806 0.996116
30.640000 0.224569 -0.419282 0.928805 -0.0545451 0.185823 -0.18761 0.403215 -0.622821 -0.10552 0.995242 0.0945165 -0.0236596 -0.0925327 0.992938 0.0742437 0.0305098 -0.0717012 0.996959
30.660000 0.225585 -0.414553 0.927447 0.0945434 0.269388 0.0245621 -0.574986 -0.551068 -0.682185 0.993886 0.105466 -0.0326667 -0.102721 0.991754 0.0766332 0.0404796 -0.0728092 0.996524
30.680000 0.228591 -0.409864 0.929961 0.171598 0.231309 0.167403 0.21425 0.0647105 -0.760403 0.992266 0.119933 -0.031993 -0.117355 0.990406 0.072962 0.0404366 -0.0686432 0.996821
30.700000 0.232482 -0.407078 0.932224 0.194131 0.0837952 -0.00531828 1.40758 -0.589358 -0.294645 0.990919 0.129579 -0.0358926 -0.127562 0.990374 0.0537295 0.0425094 -0.048663 0.99791
30.720000 0.23803 -0.407186 0.93088 0.296101 -0.0186967 -0.0343538 1.75712 -0.831132 -0.0459226 0.989842 0.131904 -0.0530464 -0.131309 0.991234 0.0145759 0.054504 -0.00746238 0.998486
30.740000 0.245888 -0.410269 0.929385 0.408538 -0.180722 -0.106316 2.51976 -0.958086 0.327722 0.989432 0.125124 -0.073269 -0.128163 0.991012 -0.0383394 0.0678133 0.0473246 0.996575
30.760000 0.259191 -0.416201 0.93382 0.682416 -0.309282 0.23928 2.56015 -1.15663 0.970627 0.989856 0.104099 -0.0966912 -0.113295 0.989003 -0.0950615 0.0857322 0.105052 0.990764
30.780000 0.279772 -0.423757 0.941474 0.992931 -0.367739 0.380374 2.71453 -1.12336 1.15838 0.99007 0.0765231 -0.11792 -0.0945641 0.983234 -0.155911 0.104012 0.165514 0.980707
30.800000 0.302652 -0.431335 0.948305 1.04973 -0.343268 0.311509 2.5382 -0.979859 1.08554 0.98954 0.0492821 -0.135583 -0.0775023 0.9743 -0.211503 0.121675 0.219798 0.967928
30.820000 0.324521 -0.437133 0.95206 1.01283 -0.252078 0.151031 2.38074 -0.897072 1.00322 0.988431 0.0236359 -0.149817 -0.062799 0.962911 -0.262408 0.138058 0.268781 0.953256
30.840000 0.344394 -0.43849 0.958639 0.999439 0.0318648 0.510517 0.943685 -0.145681 0.846691 0.987992 0.00323258 -0.154474 -0.0493454 0.954024 -0.295641 0.146416 0.299713 0.942727
30.860000 0.365005 -0.435135 0.96556 0.989864 0.295183 0.180069 -0.151345 -0.502309 0.405116 0.987534 -0.0104552 -0.157061 -0.0385224 0.951398 -0.305545 0.152622 0.307786 0.939135
30.880000 0.383213 -0.426249 0.970348 0.868499 0.479206 0.291306 0.347366 -0.627586 0.234951 0.985725 -0.0182056 -0.167377 -0.0348775 0.950491 -0.308787 0.164712 0.310217 0.936288
30.900000 0.395387 -0.414657 0.978061 0.538302 0.605257 0.40663 0.993138 -0.475709 0.685991 0.984201 -0.0317687 -0.174183 -0.0271563 0.945046 -0.325808 0.174961 0.32539 0.929252
30.920000 0.399161 -0.403192 0.983748 -0.021479 0.497379 0.0874239 0.904123 -0.0340743 1.71369 0.984485 -0.0574066 -0.165811 -0.00327251 0.938796 -0.344458 0.175437 0.339657 0.924043
30.940000 0.397188 -0.39268 0.980458 -0.123877 0.479661 -0.208613 -2.15092 0.442839 0.934251 0.985497 -0.0754196 -0.152012 0.0249024 0.950384 -0.310082 0.167856 0.301799 0.938478
30.960000 0.389693 -0.38375 0.972363 -0.397623 0.413802 -0.463143 -3.44058 0.859969 0.293915 0.988168 -0.0772697 -0.132488 0.0428848 0.968567 -0.24503 0.147257 0.236449 0.96042
30.980000 0.372627 -0.379122 0.968566 -0.901615 0.137378 -0.192536 -3.65314 0.874144 -0.666103 0.991232 -0.0628866 -0.116211 0.0426529 0.984685 -0.169043 0.125062 0.162604 0.978734
31.000000 0.3442 -0.38294 0.969781 -1.51795 -0.28122 0.0682672 -3.50081 0.838925 -0.759501 0.993955 -0.0434611 -0.100819 0.03388 0.994913 -0.0948705 0.104429 0.0908813 0.990371
31.020000 0.309499 -0.389087 0.968433 -1.7166 -0.265066 -0.130231 -3.0706 1.13757 -0.871128 0.996473 -0.0255128 -0.0799374 0.0235614 0.999403 -0.0252607 0.0805341 0.0232882 0.99648
31.040000 0.272275 -0.393434 0.962657 -1.867 -0.145775 -0.370055 -2.09161 1.07839 -1.24547 0.998315 -0.00221921 -0.0579814 0.00349962 0.999752 0.0219909 0.0579182 -0.0221567 0.998075
31.060000 0.239641 -0.39429 0.95022 -1.57631 -0.0800507 -0.605509 -2.12879 0.773373 -1.72098 0.998843 0.0286971 -0.0385812 -0.0260593 0.997398 0.0672145 0.0404097 -0.0661314 0.996992
31.080000 0.21177 -0.400761 0.945885 -1.27928 -0.402583 -0.144988 -0.634882 0.998107 -1.14176 0.998533 0.0514265 -0.0169525 -0.0498914 0.995457 0.0810903 0.0210456 -0.0801256 0.996563
31.100000 0.189607 -0.409138 0.942149 -1.0195 -0.487383 -0.153384 -0.403693 0.378637 -1.01604 0.997472 0.0707176 -0.00690683 -0.0698707 0.993881 0.085547 0.0129143 -0.0848482 0.99631
31.120000 0.177811 -0.410304 0.93365 -0.477421 -0.00530828 -0.420081 0.742697 -0.160609 0.217878 0.997597 0.0685794 -0.00985467 -0.0677024 0.995131 0.0716276 0.0147189 -0.0707883 0.997383
31.140000 0.173089 -0.410122 0.927698 -0.171765 0.010202 -0.238582 0.438657 -0.268543 0.209992 0.997804 0.064405 -0.0154825 -0.0633584 0.996151 0.0605752 0.0193243 -0.0594613 0.998044
31.160000 0.173215 -0.410476 0.924807 0.0614656 -0.0195757 -0.0970458 0.139386 -0.313056 0.0768367 0.997786 0.0627645 -0.0220144 -0.0614519 0.996541 0.0559442 0.0254495 -0.0544675 0.998191
31.180000 0.174839 -0.411771 0.924782 0.0959412 -0.068228 0.0271806 0.898592 -0.406123 0.224975 0.997812 0.0587578 -0.030296 -0.057588 0.997612 0.0381376 0.0324645 -0.0363095 0.998813
31.200000 0.179381 -0.414918 0.921833 0.22959 -0.175697 -0.170247 2.2949 -0.938895 0.426361 0.99751 0.0503388 -0.0493843 -0.0508927 0.998654 -0.0100223 0.0488133 0.0125106 0.99873
31.220000 0.190479 -0.418575 0.924479 0.586982 -0.155204 0.14459 2.61861 -1.06438 0.784021 0.996897 0.0334293 -0.0712614 -0.0382043 0.997039 -0.0667314 0.0688196 0.0692469 0.995223
31.240000 0.21217 -0.422385 0.931054 1.02437 -0.153679 0.314218 3.36318 -1.06822 1.18321 0.995577 0.00658549 -0.0937202 -0.0194883 0.990319 -0.137434 0.0919079 0.138653 0.986067
31.260000 0.238727 -0.424844 0.939881 1.19753 -0.0855096 0.458601 3.2278 -0.993914 1.33233 0.993429 -0.0254657 -0.111578 0.00163959 0.977997 -0.208612 0.114436 0.207059 0.971613
31.280000 0.264042 -0.423322 0.94858 1.16045 0.181403 0.384986 3.39799 -0.852997 1.58557 0.990638 -0.0600748 -0.122588 0.0241116 0.960849 -0.276023 0.13437 0.270483 0.953301
31.300000 0.283514 -0.41644 0.959467 0.937947 0.399658 0.716717 1.02681 0.350273 1.90275 0.988797 -0.0956778 -0.114572 0.0545757 0.946145 -0.319109 0.138933 0.309281 0.940767
31.320000 0.295985 -0.408229 0.970642 0.526354 0.4247 0.516727 0.936443 0.302158 2.14511 0.986544 -0.132974 -0.0951247 0.0932199 0.935469 -0.340893 0.134316 0.327438 0.935277
31.340000 0.300061 -0.399618 0.978974 0.116196 0.422736 0.387937 0.799907 0.246568 2.17634 0.982311 -0.171352 -0.0755179 0.133431 0.923464 -0.359737 0.13138 0.343297 0.929993
31.360000 0.299114 -0.390899 0.985038 -0.055068 0.414397 0.294515 0.597331 0.176124 2.27392 0.975541 -0.213139 -0.0537805 0.178106 0.909793 -0.374907 0.128836 0.356158 0.925501
31.380000 0.298378 -0.384488 0.990944 -0.0260601 0.29523 0.270985 0.344934 0.234174 1.28163 0.970377 -0.238236 -0.0401551 0.205233 0.90055 -0.38326 0.127468 0.363665 0.922767
31.400000 0.297638 -0.378617 0.995685 -0.0474787 0.197505 0.165152 -0.493889 0.133186 0.697316 0.967392 -0.251142 -0.0328679 0.221272 0.901129 -0.372834 0.123252 0.353404 0.927316
31.420000 0.293039 -0.379679 0.99464 -0.291878 -0.123985 -0.0799061 -1.83212 0.287642 0.167995 0.967427 -0.251813 -0.0259929 0.228549 0.912946 -0.338077 0.108862 0.321124 0.94076
31.440000 0.279873 -0.385072 0.995139 -0.768026 -0.325776 0.0571988 -2.88605 0.0721103 -0.258193 0.968616 -0.247186 -0.0261316 0.230249 0.931883 -0.280321 0.0936429 0.265506 0.959551
31.460000 0.255592 -0.39651 1.00033 -1.31268 -0.659059 0.292864 -3.48874 -0.154165 -1.0132 0.972683 -0.229525 -0.034731 0.217486 0.953345 -0.209364 0.0811649 0.196091 0.977221
31.480000 0.22259 -0.412245 1.00687 -1.6009 -0.817962 0.329369 -4.06865 0.26414 -1.98911 0.980347 -0.193707 -0.0373841 0.187795 0.974351 -0.123988 0.0604427 0.114531 0.991579
31.500000 0.18944 -0.427759 1.00999 -1.56628 -0.74269 0.0882029 -3.02226 0.479542 -1.65236 0.986756 -0.159166 -0.0312782 0.157369 0.986099 -0.0533317 0.039332 0.0477032 0.998087
31.520000 0.155623 -0.444247 1.00793 -1.75997 -0.839606 -0.161142 -2.16231 0.731514 -1.55753 0.991675 -0.127379 -0.0188545 0.127305 0.991851 -0.00509448 0.0193498 0.0026518 0.999809
31.540000 0.123302 -0.460872 1.0025 -1.56975 -0.823536 -0.292888 -1.59819 0.680542 -0.787957 0.994117 -0.108189 -0.00517587 0.108294 0.99369 0.0292086 0.00198318 -0.0295972 0.99956
31.560000 0.0939545 -0.477663 0.994236 -1.4525 -0.835981 -0.518258 -2.74571 0.300539 -0.606236 0.995187 -0.0978631 0.00504995 0.0972348 0.992571 0.0731293 -0.0121691 -0.0722863 0.99731
31.580000 0.06962 -0.488768 0.974883 -1.17357 -0.499609 -1.07205 -2.40557 -1.00676 -0.907436 0.996767 -0.0803027 -0.00263442 0.0799749 0.988483 0.128477 -0.00771296 -0.128272 0.991709
31.600000 0.0502965 -0.500717 0.958733 -0.872248 -0.684409 -0.532213 0.45695 -0.345788 -0.401738 0.997787 -0.0650946 -0.0135847 0.0663677 0.987579 0.142418 0.00414533 -0.143005 0.989713
31.620000 0.0399967 -0.512276 0.950293 -0.429056 -0.457777 -0.443888 0.305994 -0.630124 -0.0352117 0.997871 -0.0605347 -0.0242494 0.0633221 0.988335 0.138505 0.0155821 -0.139746 0.990065
31.640000 0.0363444 -0.520285 0.944447 -0.100985 -0.315366 -0.30478 0.126796 -0.832163 0.722864 0.996848 -0.0680763 -0.0407427 0.0728916 0.988626 0.131552 0.0313237 -0.134107 0.990472
31.660000 0.0382029 -0.523865 0.944837 0.103047 -0.0775466 0.280023 0.799423 -0.237425 0.7008 0.994873 -0.0836558 -0.0568333 0.0896042 0.989687 0.111759 0.0468979 -0.116279 0.992109
31.680000 0.0465377 -0.520023 0.953421 0.516844 0.281541 0.478245 2.12294 -0.265574 0.392199 0.99374 -0.0925463 -0.0625843 0.0968035 0.992922 0.0688068 0.0557735 -0.0744344 0.995665
31.700000 0.0612774 -0.511038 0.964973 0.737743 0.498638 0.605434 2.50625 -0.12144 0.46208 0.992903 -0.0989206 -0.0660192 0.100156 0.994849 0.0156599 0.06413 -0.022161 0.997695
31.720000 0.079825 -0.50154 0.978682 0.882214 0.411731 0.669374 2.64916 -0.0409892 0.625461 0.991629 -0.11041 -0.0669485 0.107797 0.993308 -0.0414667 0.0710788 0.0339027 0.996894
31.740000 0.10451 -0.490003 0.992191 1.17371 0.574939 0.643992 3.04968 -0.0735065 0.94574 0.989405 -0.128693 -0.0671956 0.121032 0.986781 -0.107767 0.0801762 0.0984923 0.991903
31.760000 0.134581 -0.475832 1.00395 1.46724 0.730429 0.540473 3.23206 -0.235992 1.40387 0.985741 -0.154482 -0.0667013 0.14076 0.974245 -0.176165 0.0921976 0.164264 0.982098
31.780000 0.163629 -0.459199 1.01345 1.31555 0.857263 0.451997 2.89863 -0.318385 1.81361 0.97973 -0.189191 -0.0658463 0.168694 0.956469 -0.238137 0.108033 0.222202 0.968997
31.800000 0.185117 -0.442627 1.02021 0.973686 0.822017 0.3003 2.24512 -0.124171 2.06943 0.971843 -0.228186 -0.0587547 0.202522 0.936366 -0.286711 0.120439 0.266739 0.956214
31.820000 0.197208 -0.426432 1.02393 0.502919 0.801281 0.151083 1.82439 0.226748 2.23952 0.962553 -0.267729 -0.0425722 0.240052 0.914729 -0.325031 0.125962 0.30264 0.944745
31.840000 0.199865 -0.410824 1.02545 0.0160845 0.764537 0.0576336 1.52302 0.47667 2.48067 0.950962 -0.3088 -0.017709 0.28256 0.890591 -0.35638 0.125822 0.3339 0.934173
31.860000 0.192585 -0.39483 1.0246 -0.450898 0.791005 -0.0909014 1.22906 0.814378 2.89995 0.935453 -0.35306 0.0166181 0.332495 0.86307 -0.380206 0.119893 0.361191 0.924752
31.880000 0.182688 -0.378642 1.02315 -0.477412 0.778123 -0.0800721 0.429843 0.356983 2.2288 0.919422 -0.390859 0.0435074 0.376023 0.841292 -0.388375 0.115198 0.373441 0.920474
31.900000 0.174504 -0.368262 1.01898 -0.40768 0.469968 -0.249566 -0.606124 0.223316 1.32608 0.909951 -0.410509 0.0589245 0.400832 0.834106 -0.378946 0.106412 0.368441 0.923541
31.920000 0.167316 -0.363631 1.00741 -0.36973 0.152412 -0.588206 -2.26228 0.252625 0.661109 0.904913 -0.419652 0.070879 0.417095 0.841334 -0.343786 0.0846378 0.34066 0.936369
31.940000 0.156791 -0.365109 0.997187 -0.552493 -0.168941 -0.523004 -3.95934 -0.573914 0.66967 0.899609 -0.431842 0.0649269 0.432466 0.860351 -0.269757 0.0606326 0.270755 0.960737
31.960000 0.140142 -0.375692 0.997247 -0.827995 -0.6738 0.174273 -3.29136 -0.396957 0.174274 0.897288 -0.437906 0.0557885 0.439833 0.87605 -0.197696 0.0376989 0.201928 0.978675
31.980000 0.118161 -0.39193 1.00374 -1.18523 -0.895019 0.41142 -3.51229 -0.246371 -0.284148 0.897556 -0.43804 0.050142 0.440815 0.889327 -0.121568 0.00865874 0.131217 0.991316
32.000000 0.0893153 -0.415459 1.01496 -1.43032 -1.21454 0.623934 -4.58793 -0.327989 -0.630928 0.902771 -0.428163 0.040993 0.429497 0.902489 -0.0323327 -0.0231521 0.0467954 0.998636
32.020000 0.0564272 -0.440628 1.01738 -1.69746 -1.12477 -0.446266 0.267738 -0.10379 -1.51052 0.913048 -0.406161 0.0370901 0.40601 0.913792 0.0118563 -0.0387082 0.00423358 0.999242
32.040000 0.0221212 -0.459874 1.00814 -1.68249 -0.88267 -0.394832 -0.807497 -1.5185 -2.06724 0.929244 -0.36913 0.0157652 0.368741 0.929248 0.0229885 -0.0231355 -0.0155487 0.999611
32.060000 -0.00781359 -0.474195 0.997642 -1.40401 -0.731547 -0.582553 -1.23533 -2.00441 -1.99843 0.943833 -0.329776 -0.0206809 0.3304 0.942658 0.0472428 0.00391545 -0.0514223 0.998669
32.080000 -0.0333973 -0.484709 0.981656 -1.21437 -0.490455 -0.790043 -0.966935 -2.22401 -1.96835 0.955793 -0.287541 -0.0614759 0.291391 0.954248 0.0670909 0.0393719 -0.0820385 0.995851
32.100000 -0.0515896 -0.492729 0.966145 -0.850958 -0.353622 -0.778248 -1.71136 -2.20299 -1.68486 0.963026 -0.249541 -0.101536 0.259466 0.960533 0.100267 0.0725082 -0.122905 0.989766
32.120000 -0.0649954 -0.494719 0.948852 -0.637579 -0.0899215 -0.72513 -2.32595 -1.49937 -1.65847 0.967225 -0.214844 -0.13534 0.23382 0.961436 0.144809 0.0990096 -0.171708 0.98016
32.140000 -0.076241 -0.496746 0.937398 -0.560671 -0.0970996 -0.544756 -1.07514 -0.719524 -1.64839 0.972614 -0.180799 -0.14606 0.205487 0.962547 0.176856 0.108614 -0.202026 0.973339
32.160000 -0.0867948 -0.497876 0.928197 -0.500579 -0.0425552 -0.418156 0.101521 -0.602482 -1.70329 0.977664 -0.145186 -0.151968 0.172371 0.967598 0.184504 0.120257 -0.206578 0.971012
32.180000 -0.0933767 -0.498587 0.926728 -0.291376 0.0320587 0.0313987 1.46299 0.0900942 -0.507632 0.980488 -0.128893 -0.148426 0.152538 0.975118 0.160862 0.123999 -0.180364 0.975753
32.200000 -0.0916057 -0.493912 0.93312 0.222133 0.293341 0.381206 1.9035 -0.0135799 -0.103145 0.980946 -0.125987 -0.147896 0.144822 0.981611 0.124361 0.129508 -0.14341 0.981153
32.220000 -0.0796891 -0.482046 0.943704 0.707888 0.700901 0.548676 2.26958 -0.110038 0.266967 0.980247 -0.129836 -0.149191 0.142504 0.986749 0.0775785 0.137142 -0.0973065 0.98576
32.240000 -0.0589432 -0.46222 0.956313 1.03895 1.03904 0.613673 2.72311 0.109119 0.646056 0.978757 -0.140984 -0.148856 0.145439 0.989177 0.019426 0.144506 -0.0406627 0.988668
32.260000 -0.0312344 -0.438005 0.968866 1.38877 1.22202 0.587209 3.15562 0.268238 1.02097 0.976835 -0.158577 -0.143692 0.152857 0.986979 -0.0500781 0.149762 0.0269537 0.988355
32.280000 0.00214318 -0.410897 0.981296 1.64408 1.33807 0.587086 3.03978 0.15117 1.74855 0.972199 -0.190008 -0.136847 0.174289 0.977478 -0.118999 0.156376 0.0918399 0.983419
32.300000 0.0372317 -0.383848 0.991444 1.64905 1.3029 0.449886 2.76296 0.0456251 2.19752 0.964091 -0.23209 -0.129086 0.207022 0.96124 -0.1821 0.166346 0.148837 0.97477
32.320000 0.0661948 -0.359695 0.998132 1.33031 1.14944 0.285629 2.388 0.25541 2.20298 0.954931 -0.273508 -0.11533 0.241039 0.941272 -0.236449 0.173227 0.197993 0.964775
32.340000 0.0865099 -0.339111 1.001 0.902878 0.983457 0.0930509 2.0033 0.327129 2.3154 0.944158 -0.314679 -0.0976906 0.276985 0.918585 -0.281923 0.178452 0.239121 0.95445
32.360000 0.0979981 -0.323761 0.998805 0.48508 0.714024 -0.136129 2.00809 0.210542 2.58687 0.929909 -0.359385 -0.0781802 0.31728 0.891378 -0.323694 0.186019 0.276201 0.942926
32.380000 0.104232 -0.311813 0.991812 0.305934 0.588185 -0.423758 1.68191 0.263859 2.04669 0.916231 -0.396429 -0.0580063 0.351341 0.864587 -0.359234 0.192562 0.308761 0.931443
32.400000 0.110763 -0.299169 0.976694 0.313835 0.641626 -0.827979 2.08342 0.827534 1.34673 0.908162 -0.417379 -0.0321895 0.371569 0.839123 -0.397253 0.192816 0.348809 0.917145
32.420000 0.116356 -0.283195 0.964776 0.287821 0.796614 -0.533273 -1.27231 -0.221956 0.361298 0.904034 -0.426033 -0.0349167 0.384237 0.845697 -0.370349 0.18731 0.321392 0.928236
32.440000 0.122247 -0.27159 0.954978 0.294158 0.487205 -0.461062 -1.32538 0.206251 0.128856 0.903458 -0.4273 -0.0343303 0.391343 0.854814 -0.340799 0.174969 0.294462 0.939509
32.460000 0.126675 -0.268235 0.950507 0.189178 0.0650991 -0.180779 -1.82539 0.250287 0.134279 0.903671 -0.427189 -0.0298122 0.398542 0.864455 -0.3064 0.156662 0.265003 0.951436
32.480000 0.125867 -0.269252 0.949687 -0.116794 -0.143421 0.0425059 -3.06609 -0.275508 -0.155901 0.903397 -0.427387 -0.0348417 0.406953 0.880131 -0.244456 0.135143 0.206662 0.969034
32.500000 0.115097 -0.279949 0.957546 -0.627011 -0.61507 0.447483 -2.97721 -0.140119 -0.288181 0.904837 -0.423833 -0.0404271 0.410648 0.893855 -0.179976 0.112416 0.146247 0.98284
32.520000 0.0976125 -0.292088 0.965352 -0.808891 -0.554692 0.341847 -3.72745 0.193982 -0.135292 0.90651 -0.420065 -0.0422385 0.41406 0.904139 -0.105298 0.0824216 0.0779647 0.993543
32.540000 0.0784671 -0.303813 0.974251 -0.904513 -0.57648 0.491671 -3.67004 0.495145 -0.446956 0.910169 -0.412727 -0.0353262 0.411894 0.910782 -0.0286355 0.0439931 0.0115125 0.998965
32.560000 0.0569132 -0.318752 0.985683 -1.07126 -0.780247 0.582076 -3.10532 0.353538 -1.03563 0.917949 -0.395716 -0.0279067 0.396563 0.917203 0.038417 0.0103939 -0.0463316 0.998872
32.580000 0.0339848 -0.337729 0.996855 -1.11978 -1.00819 0.556861 -2.7562 9.58783e-05 -1.50444 0.929044 -0.36916 -0.0244641 0.369738 0.924089 0.0967113 -0.013095 -0.0988943 0.995012
32.600000 0.0126707 -0.358818 1.0011 -1.05722 -1.04942 -0.104943 0.149671 -0.820251 -1.98231 0.942088 -0.333908 -0.0312405 0.335179 0.934361 0.120933 -0.0111906 -0.124401 0.992169
32.620000 -0.0100321 -0.377299 0.997475 -1.17524 -0.891566 -0.196441 -0.749402 -2.05952 -1.82587 0.953857 -0.293901 -0.0614735 0.299669 0.944665 0.133443 0.0188529 -0.145707 0.989148
32.640000 -0.0310795 -0.395004 0.988481 -1.02555 -0.890662 -0.517572 -0.831618 -2.02271 -1.66965 0.962067 -0.254916 -0.0971868 0.267515 0.951362 0.152792 0.0535108 -0.172995 0.983468
32.660000 -0.0487361 -0.408609 0.970251 -0.857467 -0.675279 -0.994347 -1.35349 -2.23605 -1.63718 0.966866 -0.216585 -0.135132 0.239122 0.953718 0.182327 0.0893889 -0.208599 0.973908
32.680000 -0.061985 -0.421582 0.953184 -0.626834 -0.654986 -0.787365 -0.925051 -1.83227 -1.10071 0.968206 -0.18548 -0.167851 0.21852 0.953712 0.2066 0.121762 -0.23671 0.96392
32.700000 -0.0734702 -0.436138 0.941966 -0.53344 -0.78255 -0.396234 0.545068 -0.552236 -0.46482 0.967804 -0.169107 -0.186434 0.20635 0.957198 0.202956 0.144133 -0.234892 0.961276
32.720000 -0.0795868 -0.451558 0.937404 -0.223946 -0.710894 -0.183696 0.592535 -0.283006 -0.296043 0.968269 -0.161052 -0.191094 0.197866 0.961131 0.192553 0.152655 -0.224254 0.9625
32.740000 -0.076958 -0.460939 0.938101 0.201422 -0.42293 0.0911547 1.19392 -0.284934 0.280257 0.966783 -0.162418 -0.197359 0.196632 0.965924 0.168306 0.163298 -0.201523 0.965776
32.760000 -0.0670777 -0.463675 0.945104 0.53702 0.0454484 0.511648 1.93778 0.155632 0.285289 0.964495 -0.17252 -0.199966 0.200078 0.971534 0.126845 0.172391 -0.16235 0.971557
32.780000 -0.0477184 -0.455628 0.958995 1.1011 0.514316 0.723905 2.77652 0.201001 -0.0825551 0.965302 -0.174099 -0.194632 0.191045 0.978949 0.0718384 0.178028 -0.106529 0.978242
32.800000 -0.0173923 -0.440181 0.975291 1.52851 0.790233 0.777731 3.33536 0.19662 0.0166904 0.966074 -0.174705 -0.19021 0.178464 0.983943 0.00268249 0.186687 -0.0365372 0.98174
32.820000 0.0205981 -0.421297 0.992383 1.93558 0.959925 0.835672 3.42299 0.102987 0.680598 0.964908 -0.18522 -0.186134 0.174686 0.982015 -0.0716327 0.196055 0.036604 0.97991
32.840000 0.0639218 -0.399957 1.00861 2.03924 1.08393 0.758984 3.02201 0.15113 1.09205 0.961611 -0.206624 -0.180584 0.18313 0.973288 -0.138467 0.204371 0.100081 0.973764
32.860000 0.101316 -0.379203 1.02239 1.75477 0.999527 0.635965 2.49378 0.186305 1.68822 0.956363 -0.237394 -0.170334 0.203087 0.959221 -0.196599 0.210059 0.153428 0.965575
32.880000 0.132401 -0.360491 1.03168 1.40718 0.902588 0.383997 1.98727 0.03035 1.86129 0.949146 -0.271217 -0.159886 0.228617 0.942888 -0.242273 0.216463 0.193399 0.956943
32.900000 0.15641 -0.340981 1.03703 1.18677 1.04222 0.166803 1.3492 -0.129846 1.23229 0.942145 -0.299594 -0.150354 0.251039 0.927858 -0.275789 0.222132 0.222088 0.949386
32.920000 0.179577 -0.319323 1.0407 1.15433 1.0738 0.181136 1.06747 0.181622 0.894271 0.937907 -0.316057 -0.142963 0.263337 0.916993 -0.29963 0.225796 0.243378 0.943283
32.940000 0.199205 -0.298753 1.04042 0.924751 1.00864 -0.0444168 0.91673 0.245647 0.9575 0.933917 -0.331291 -0.134333 0.27616 0.907196 -0.317382 0.227013 0.259311 0.938735
32.960000 0.215315 -0.280947 1.03763 0.781489 0.853938 -0.188568 1.05314 0.571545 1.10072 0.930042 -0.347953 -0.118114 0.291638 0.894521 -0.338793 0.22354 0.280645 0.933418
32.980000 0.226097 -0.264885 1.02993 0.448256 0.724824 -0.316385 0.864276 0.566286 0.908429 0.927285 -0.360958 -0.0992585 0.307361 0.88545 -0.348581 0.213712 0.292726 0.932008
33.000000 0.231154 -0.251049 1.02786 0.19601 0.650778 -0.0806569 -0.743497 0.0310692 0.87898 0.922267 -0.37552 -0.091702 0.325412 0.88227 -0.340158 0.208642 0.283875 0.935887
33.020000 0.228427 -0.244544 1.02837 -0.257679 0.183047 0.00529697 -0.907018 -0.0837915 0.755079 0.916749 -0.389569 -0.0883571 0.343527 0.881733 -0.323321 0.203863 0.266051 0.942155
33.040000 0.215288 -0.244424 1.03029 -0.76739 -0.04724 0.14418 -1.66176 -0.231655 0.559959 0.911982 -0.400432 -0.0891223 0.360212 0.885621 -0.293126 0.196305 0.235222 0.951911
33.060000 0.193707 -0.249845 1.03494 -1.09826 -0.285793 0.251647 -2.21878 -0.549668 -0.321626 0.910389 -0.401505 -0.0999299 0.368347 0.896488 -0.246229 0.188448 0.187355 0.964046
33.080000 0.16627 -0.258246 1.03995 -1.30721 -0.417744 0.237771 -2.76944 -0.855865 -1.20702 0.914548 -0.385873 -0.121264 0.36099 0.913909 -0.185627 0.182453 0.125989 0.975109
33.100000 0.137432 -0.271671 1.0419 -1.29693 -0.747818 0.0603711 -3.03943 -0.970377 -2.29119 0.92574 -0.348219 -0.147477 0.333265 0.935543 -0.117021 0.17872 0.0591818 0.982118
33.120000 0.109502 -0.287939 1.03867 -1.37807 -0.744234 -0.221824 -2.72274 -0.684307 -2.67689 0.940521 -0.295547 -0.167549 0.291037 0.955328 -0.0514358 0.175266 -0.000386399 0.984521
33.140000 0.0823555 -0.302457 1.03 -1.33134 -0.678387 -0.491224 -2.25572 -0.344966 -2.84386 0.954579 -0.239284 -0.177547 0.244159 0.969718 0.00581038 0.170781 -0.0488963 0.984095
33.160000 0.0585319 -0.310895 1.01836 -1.16468 -0.363715 -0.633295 -1.25474 -0.753015 -2.28679 0.963664 -0.190029 -0.187727 0.202013 0.978267 0.0467354 0.174766 -0.0829606 0.981109
33.180000 0.0372862 -0.316746 1.00482 -1.05215 -0.278407 -0.691339 -0.937049 -0.678796 -1.98605 0.968655 -0.148669 -0.199011 0.165894 0.983454 0.0727877 0.184897 -0.103521 0.97729
33.200000 0.0179657 -0.32221 0.989391 -0.93989 -0.272006 -0.789539 -0.91148 -0.793651 -1.68925 0.970956 -0.112468 -0.211174 0.135309 0.986045 0.0969845 0.19732 -0.122741 0.972625
33.220000 0.000714074 -0.327875 0.972505 -0.843012 -0.282009 -0.873438 -1.22193 -0.987385 -1.41439 0.970807 -0.080966 -0.225784 0.111186 0.98597 0.124499 0.212537 -0.145968 0.966189
33.240000 -0.0140356 -0.334227 0.954402 -0.71577 -0.334575 -0.920649 -1.71249 -0.908404 -0.88249 0.968328 -0.0576807 -0.242929 0.0981923 0.982527 0.15811 0.229564 -0.176956 0.957072
33.260000 -0.0283912 -0.3462 0.945182 -0.722544 -0.619559 -0.392172 -0.14525 0.200515 -0.113967 0.968994 -0.0561655 -0.240618 0.0954182 0.983339 0.154726 0.227918 -0.172888 0.958208
33.280000 -0.0364563 -0.359053 0.938039 -0.328205 -0.65107 -0.29888 0.541832 -0.267835 0.0340147 0.968032 -0.0549661 -0.244731 0.0926834 0.985026 0.145374 0.233075 -0.163409 0.958631
33.300000 -0.0348895 -0.369784 0.934708 0.189015 -0.514357 -0.0999323 1.06614 -0.530061 0.551233 0.964777 -0.0621442 -0.255624 0.0962816 0.987691 0.123271 0.244817 -0.143541 0.958885
33.320000 -0.0258533 -0.379741 0.938901 0.603065 -0.409658 0.265183 1.1681 -0.272712 0.723816 0.962032 -0.0741389 -0.262673 0.102408 0.990138 0.0956039 0.252994 -0.118874 0.960137
33.340000 -0.00523287 -0.383588 0.948878 1.11149 -0.133267 0.518768 2.0368 -0.325858 0.397797 0.959308 -0.0866826 -0.268728 0.104423 0.993151 0.0524121 0.262345 -0.0783407 0.961789
33.360000 0.0238752 -0.379591 0.962907 1.48311 0.290778 0.766495 3.20399 -0.479275 0.406965 0.955466 -0.0958785 -0.279092 0.0963522 0.995274 -0.0120542 0.278928 -0.0153737 0.960189
33.380000 0.0635805 -0.368475 0.982755 2.10987 0.6136 1.05652 3.62321 -0.569222 0.493576 0.950942 -0.108893 -0.28957 0.086902 0.992341 -0.0877871 0.296912 0.0583163 0.953123
33.400000 0.109983 -0.351854 1.0051 2.23789 0.869074 1.08102 3.40713 -0.770619 0.529617 0.9454 -0.121793 -0.302301 0.0759833 0.984357 -0.158957 0.316932 0.127308 0.939865
33.420000 0.152058 -0.334331 1.02648 1.99202 0.790521 1.09955 2.91456 -0.855611 0.637575 0.938443 -0.137111 -0.317058 0.0680072 0.973222 -0.219575 0.338674 0.184497 0.922638
33.440000 0.185347 -0.31709 1.04311 1.61274 0.903525 0.735583 1.91238 -1.02276 0.509101 0.930714 -0.153164 -0.332132 0.0644563 0.962567 -0.263269 0.360022 0.22362 0.905747
33.460000 0.212084 -0.298885 1.05455 1.26915 0.887206 0.527817 1.1595 -0.658844 0.62495 0.924538 -0.16684 -0.342627 0.0648719 0.954853 -0.289911 0.375527 0.245807 0.893621
33.480000 0.230449 -0.293526 1.04778 0.87388 0.242748 -0.452836 -2.63728 0.0788974 0.1366 0.920589 -0.186786 -0.342967 0.0866623 0.954016 -0.286955 0.380795 0.234445 0.894444
33.500000 0.24395 -0.290805 1.03917 0.569761 0.083609 -0.367056 -1.21093 0.367779 0.114397 0.922645 -0.187401 -0.337055 0.100689 0.960738 -0.258542 0.372273 0.204605 0.90529
33.520000 0.250994 -0.291279 1.03448 0.297857 -0.0800331 -0.140745 0.175879 0.903946 0.493155 0.927198 -0.190057 -0.322771 0.107737 0.960614 -0.25615 0.358742 0.202727 0.911156
33.540000 0.254767 -0.290943 1.03102 0.201028 0.0937028 -0.289286 -1.69991 0.989228 0.101738 0.932928 -0.189413 -0.306215 0.119434 0.965092 -0.233095 0.339677 0.180888 0.922984
33.560000 0.254605 -0.289233 1.02372 -0.0267088 0.0766537 -0.377621 -1.87102 1.27867 -0.0670836 0.941446 -0.183886 -0.282606 0.130995 0.971823 -0.195961 0.310677 0.147467 0.939007
33.580000 0.251409 -0.289141 1.01584 -0.173322 -0.0388435 -0.342631 -2.05885 1.33054 -0.149033 0.950059 -0.175638 -0.25795 0.140018 0.978623 -0.150641 0.278894 0.107 0.954342
33.600000 0.244039 -0.290717 1.00691 -0.347478 -0.0989672 -0.464648 -2.64295 1.12862 -0.541188 0.958023 -0.163206 -0.235702 0.14433 0.984925 -0.0953503 0.247711 0.0573289 0.967136
33.620000 0.231009 -0.295502 0.999754 -0.679058 -0.269761 -0.385469 -2.65116 1.18255 -0.425005 0.965443 -0.15026 -0.212935 0.14498 0.988614 -0.0402898 0.216564 0.00802633 0.976235
33.640000 0.213484 -0.30209 0.990312 -0.821381 -0.33569 -0.51447 -2.66632 1.08949 -0.573867 0.972009 -0.138508 -0.189772 0.144296 0.989389 0.0169619 0.185409 -0.0438705 0.981682
33.660000 0.194899 -0.309418 0.978776 -0.923481 -0.362977 -0.563452 -2.50556 0.773928 -0.724132 0.977325 -0.124674 -0.171149 0.138488 0.987797 0.0712576 0.160177 -0.093344 0.982665
33.680000 0.173972 -0.315491 0.965153 -0.943545 -0.170979 -0.863137 -3.02423 0.292275 -0.648619 0.980389 -0.11096 -0.162867 0.13243 0.982959 0.127491 0.145945 -0.146559 0.978376
33.700000 0.151756 -0.32137 0.963581 -1.10442 -0.324647 0.0564314 -0.599492 0.666038 -0.188384 0.983004 -0.109685 -0.147215 0.131109 0.980745 0.144739 0.128505 -0.16158 0.978457
33.720000 0.128086 -0.327916 0.966517 -1.16872 -0.329256 0.185568 -0.458422 -0.0680016 -0.62372 0.984655 -0.100691 -0.142535 0.122668 0.980284 0.154906 0.124127 -0.170013 0.977593
33.740000 0.10757 -0.333964 0.969554 -0.990052 -0.295962 0.124535 -0.403825 -0.449763 -0.877328 0.985538 -0.0826378 -0.147941 0.106989 0.980465 0.165052 0.131412 -0.178493 0.975126
33.760000 0.0865835 -0.340631 0.972373 -1.06951 -0.350534 0.116489 0.0485688 -0.390466 -0.496491 0.985719 -0.0689909 -0.153618 0.0946737 0.981449 0.166717 0.139266 -0.17888 0.973965
33.780000 0.0634242 -0.347346 0.972144 -1.16267 -0.331302 -0.0432578 0.384612 -0.269844 -0.131966 0.985295 -0.0642788 -0.158311 0.0897128 0.983168 0.15916 0.145416 -0.171022 0.974477
33.800000 0.0428123 -0.354399 0.969716 -1.00825 -0.334872 -0.137166 0.473205 -0.459276 0.166886 0.984 -0.0638601 -0.16633 0.0891434 0.984768 0.14928 0.154263 -0.161719 0.974705
33.820000 0.0256904 -0.361349 0.966825 -0.792172 -0.3418 -0.172139 0.896409 -0.427272 0.619245 0.981735 -0.0748837 -0.174896 0.0980978 0.986898 0.128096 0.163012 -0.142914 0.976219
33.840000 0.0154698 -0.36821 0.968223 -0.40248 -0.300528 0.101786 1.22373 -0.314096 0.84139 0.978899 -0.0925025 -0.182207 0.112001 0.988685 0.0997845 0.170915 -0.118086 0.978184
33.860000 0.0142895 -0.372955 0.974677 0.0548971 -0.207466 0.35652 1.71375 -0.468169 1.05498 0.974697 -0.113999 -0.192276 0.127898 0.989882 0.0614497 0.183325 -0.0844865 0.979415
33.880000 0.025848 -0.373156 0.9845 0.729123 0.0969471 0.52024 2.47646 -0.651539 0.803679 0.96984 -0.132896 -0.204326 0.137578 0.990452 0.00881288 0.201203 -0.0366577 0.978863
33.900000 0.0480862 -0.366671 0.998631 1.23645 0.359482 0.761003 3.13843 -0.517552 0.604289 0.965508 -0.147922 -0.214276 0.138693 0.988661 -0.0575662 0.220361 0.025862 0.975075
33.920000 0.0824051 -0.355787 1.01439 1.75848 0.589546 0.805387 3.23691 -0.676683 0.573329 0.960765 -0.160933 -0.225902 0.13507 0.982829 -0.125711 0.242254 0.0902665 0.966005
33.940000 0.119391 -0.340573 1.02996 1.76894 0.789695 0.754325 2.89004 -0.793535 0.821469 0.954355 -0.179406 -0.238787 0.135575 0.972596 -0.188884 0.26613 0.147889 0.952525
33.960000 0.151445 -0.322994 1.04323 1.49514 0.887084 0.625188 2.38135 -0.906016 0.898357 0.946799 -0.200285 -0.25191 0.138996 0.960465 -0.241219 0.290263 0.193371 0.937206
33.980000 0.178132 -0.306378 1.05366 1.30137 0.798539 0.520018 2.03885 -1.04115 0.745998 0.938093 -0.221293 -0.266478 0.142631 0.947851 -0.285019 0.315654 0.229366 0.920736
34.000000 0.202704 -0.290812 1.06222 1.20914 0.767794 0.404087 1.54359 -0.798592 0.569383 0.930804 -0.237072 -0.278209 0.143793 0.937263 -0.317586 0.336046 0.255606 0.906498
34.020000 0.222751 -0.285247 1.05935 0.950981 0.221212 -0.176669 -1.36466 -0.388694 0.0785066 0.924352 -0.251061 -0.287302 0.151859 0.932877 -0.326618 0.350018 0.25828 0.900432
34.040000 0.237676 -0.284812 1.05398 0.682671 -0.0121384 -0.26827 -0.769904 0.271408 0.117216 0.925255 -0.252223 -0.28335 0.160269 0.936917 -0.310646 0.343827 0.242015 0.90731
34.060000 0.247217 -0.285221 1.04806 0.392275 -0.0220926 -0.282214 -0.366807 0.283345 -0.19129 0.927602 -0.248077 -0.279307 0.16084 0.940038 -0.300766 0.337172 0.234067 0.911882
34.080000 0.252518 -0.284587 1.03946 0.258201 0.0690674 -0.5017 -2.20637 1.0226 -0.378511 0.934331 -0.236531 -0.266604 0.165008 0.950119 -0.264663 0.315907 0.203291 0.926755
34.100000 0.252044 -0.283919 1.02904 -0.0519635 0.00901044 -0.522026 -2.34052 1.31522 -0.171249 0.943268 -0.225516 -0.243694 0.173672 0.960652 -0.21676 0.282988 0.16214 0.945319
34.120000 0.246515 -0.284698 1.02159 -0.304483 -0.113978 -0.380081 -2.27716 1.32891 -0.454156 0.952448 -0.210263 -0.220527 0.174961 0.969938 -0.169142 0.249461 0.122515 0.960603
34.140000 0.232595 -0.289984 1.01565 -0.692845 -0.330114 -0.266556 -2.28897 1.34063 -0.7162 0.961422 -0.192773 -0.196232 0.172082 0.978028 -0.117686 0.214607 0.0793776 0.97347
34.160000 0.211131 -0.300311 1.00956 -1.05566 -0.575963 -0.32782 -2.33675 1.40268 -1.05622 0.970411 -0.170571 -0.170905 0.161635 0.984707 -0.0650081 0.17938 0.0354603 0.983141
34.180000 0.186545 -0.315775 1.00166 -1.21186 -0.775551 -0.412599 -2.13735 1.46148 -1.29218 0.979385 -0.142764 -0.142911 0.142096 0.98974 -0.0149211 0.143575 -0.00569361 0.989623
34.200000 0.161123 -0.331361 0.992166 -1.27613 -0.758107 -0.48415 -1.68338 1.47519 -0.854588 0.985916 -0.122893 -0.11343 0.126318 0.991712 0.0234899 0.109603 -0.0374873 0.993268
34.220000 0.133349 -0.34459 0.985965 -1.43853 -0.6124 -0.265718 -2.21053 0.431636 -0.426963 0.988488 -0.113262 -0.100318 0.120118 0.990619 0.0651566 0.0919973 -0.0764565 0.99282
34.240000 0.108145 -0.357637 0.976025 -1.21902 -0.66147 -0.494226 -1.94351 0.0996325 -0.238012 0.989581 -0.108802 -0.0943 0.118411 0.987595 0.103129 0.0819095 -0.113221 0.990188
34.260000 0.0868983 -0.372507 0.965347 -1.0035 -0.82662 -0.348935 -0.592884 -0.575964 -0.609182 0.989713 -0.0952291 -0.106769 0.109637 0.98429 0.138395 0.0919123 -0.148677 0.984605
34.280000 0.0699525 -0.388921 0.961724 -0.806938 -0.776426 -0.149402 -1.00154 -0.329857 -0.387763 0.989997 -0.0843911 -0.113068 0.101727 0.982254 0.157572 0.0977635 -0.167498 0.981013
34.300000 0.0546067 -0.40454 0.958051 -0.766562 -0.794576 -0.183107 -0.540389 -0.152789 -0.383645 0.990312 -0.0760682 -0.116172 0.095461 0.980507 0.171734 0.100844 -0.18116 0.97827
34.320000 0.040467 -0.421926 0.955714 -0.660542 -0.872169 -0.11423 0.150193 -0.0554762 -0.0428657 0.990347 -0.0749495 -0.116595 0.0938838 0.981567 0.16647 0.101969 -0.175809 0.979129
34.340000 0.032227 -0.436827 0.955344 -0.344456 -0.680374 -0.0203589 0.65923 -0.204021 0.745198 0.988908 -0.0857755 -0.121259 0.103853 0.982965 0.151636 0.106186 -0.162547 0.98097
34.360000 0.0317744 -0.445308 0.956243 0.0466316 -0.360952 0.0339866 1.44435 -0.20393 1.48519 0.98492 -0.1142 -0.129962 0.129689 0.984543 0.117713 0.11451 -0.132793 0.984507
34.380000 0.0403038 -0.448091 0.960065 0.513153 -0.0484702 0.164502 2.48209 -0.668913 1.47172 0.979067 -0.14495 -0.14289 0.155801 0.985455 0.0678635 0.130975 -0.0887053 0.987409
34.400000 0.0565773 -0.43947 0.974946 0.798631 0.485587 0.760933 2.84927 0.108238 1.10885 0.975414 -0.168493 -0.142046 0.171444 0.985155 0.00870857 0.13847 -0.0328473 0.989822
34.420000 0.0802914 -0.427296 0.991484 1.17042 0.615653 0.786123 2.99801 0.241358 1.3756 0.970896 -0.195932 -0.137737 0.189593 0.980157 -0.0578571 0.14634 0.0300593 0.988778
