#C t x y z vx vy vz wx wy wz o11 o12 o13 o21 o22 o23 o31 o32 o33
# Recorded every 1th time step
# [Hexapod_0, HexaPod 0.9][1099238550]
#  coxaDamp=               0.000000  
#  coxaJointLimitH=        0.800000  
#  coxaJointLimitV=        0.500000  
#  coxaPower=              3.000000  
#  coxaSpeed=             25.000000  
#  tebiaDamp=              0.010000  
#  tebiaJointLimit=        0.200000  
#  tebiaOffset=            0.000000  
#  tebiaPower=             1.800000  
# ######
# [Diamond, 1.0][320201652]
# ######
30.020000 -3.20263 -1.75431 0.760007 -0.0878963 -0.121958 0.0427486 -0.0557986 -0.0201381 0.284523 0.818003 -0.569311 0.0821916 0.574523 0.815639 -0.068241 -0.0281883 0.103042 0.994277
30.040000 -3.2047 -1.75606 0.760626 -0.106259 -0.0736092 0.0303715 0.035614 -0.0105239 0.156446 0.815906 -0.572297 0.0822968 0.577517 0.813502 -0.0684709 -0.0277629 0.103394 0.994253
30.060000 -3.2067 -1.75618 0.760963 -0.0960878 0.0165997 0.0148854 0.120543 -0.00909738 0.0251695 0.815232 -0.573265 0.0822472 0.578538 0.812585 -0.0707047 -0.0263003 0.105224 0.994101
30.080000 -3.20842 -1.75459 0.760982 -0.0831796 0.0990728 -0.00744592 0.123032 0.00145601 -0.100391 0.816067 -0.572069 0.0822899 0.57742 0.813137 -0.0734453 -0.0248972 0.107452 0.993898
30.100000 -3.21005 -1.75172 0.760301 -0.0808772 0.156005 -0.0422043 0.290378 0.0996309 -0.20962 0.818206 -0.568816 0.0835833 0.574456 0.814724 -0.0789051 -0.0232148 0.112576 0.993372
30.120000 -3.21182 -1.74823 0.759316 -0.0876221 0.17728 -0.053278 0.263627 0.129059 -0.263906 0.82119 -0.564162 0.0858395 0.570234 0.817024 -0.0854647 -0.021917 0.119131 0.992637
30.140000 -3.21374 -1.74475 0.758386 -0.0964593 0.173655 -0.0385079 0.304735 0.234107 -0.31585 0.824647 -0.558506 0.0896031 0.565218 0.819789 -0.0920509 -0.0220447 0.126555 0.991715
30.160000 -3.21547 -1.74117 0.757995 -0.0800236 0.181678 -0.0155177 0.304378 0.240759 -0.326501 0.828258 -0.552397 0.0940548 0.559889 0.822627 -0.0990456 -0.0226595 0.134696 0.990628
30.180000 -3.21687 -1.73745 0.757694 -0.0672025 0.186746 -0.0151846 0.240974 0.201001 -0.306023 0.831655 -0.546594 0.097904 0.554798 0.825336 -0.104977 -0.0234238 0.141622 0.989644
30.200000 -3.21826 -1.73384 0.757382 -0.069899 0.177408 -0.0154749 0.192253 0.127019 -0.300742 0.834968 -0.54107 0.10036 0.54979 0.828046 -0.10987 -0.0236548 0.146915 0.988866
30.220000 -3.21973 -1.73053 0.757093 -0.0752558 0.16098 -0.0141487 0.173805 0.0664357 -0.283362 0.838114 -0.535978 0.101453 0.545009 0.830608 -0.114261 -0.0230264 0.151057 0.988257
30.240000 -3.22142 -1.7277 0.75681 -0.0870126 0.13514 -0.0142683 0.180599 0.0962177 -0.257557 0.840977 -0.531227 0.102739 0.5406 0.832873 -0.118632 -0.0225475 0.155308 0.987609
30.260000 -3.2232 -1.72525 0.756517 -0.0880383 0.120797 -0.0144118 0.181559 0.108662 -0.212722 0.843377 -0.527053 0.104548 0.536854 0.834664 -0.122983 -0.0224442 0.159848 0.986886
30.280000 -3.22496 -1.72303 0.756117 -0.0862699 0.108333 -0.0208513 0.152941 0.0636294 -0.199314 0.845528 -0.523362 0.105716 0.533477 0.836254 -0.126812 -0.0220368 0.16362 0.986277
30.300000 -3.22658 -1.72104 0.755643 -0.0779869 0.0979315 -0.0234736 0.142902 0.0320648 -0.212701 0.847781 -0.519622 0.106117 0.529924 0.837967 -0.130356 -0.021187 0.166747 0.985772
30.320000 -3.22793 -1.71916 0.755123 -0.0609865 0.0953185 -0.026534 0.151839 0.0488253 -0.233795 0.850234 -0.515496 0.106609 0.52601 0.839834 -0.134137 -0.0203864 0.170125 0.985212
30.340000 -3.22887 -1.71716 0.754452 -0.0403652 0.103824 -0.033665 0.15528 0.0836726 -0.25533 0.852908 -0.51085 0.107608 0.521673 0.841915 -0.137974 -0.0201129 0.173816 0.984573
30.360000 -3.22941 -1.71494 0.753635 -0.0204368 0.116159 -0.0392709 0.167514 0.122346 -0.293877 0.855919 -0.505427 0.109294 0.516704 0.844289 -0.142103 -0.020453 0.178101 0.9838
30.380000 -3.2295 -1.71241 0.752659 0.00292013 0.133833 -0.0466477 0.182279 0.165098 -0.356311 0.859492 -0.498804 0.11166 0.510699 0.847158 -0.146662 -0.0214383 0.183079 0.982864
30.400000 -3.22912 -1.70948 0.751386 0.0274595 0.153664 -0.0646568 0.173446 0.175502 -0.464219 0.864047 -0.490317 0.114072 0.502894 0.850984 -0.151405 -0.0228368 0.188187 0.981868
30.420000 -3.22838 -1.70609 0.749533 0.044076 0.17861 -0.0958238 0.15093 0.155633 -0.634164 0.870127 -0.479075 0.115614 0.492233 0.856346 -0.156134 -0.0242054 0.192766 0.980946
30.440000 -3.22734 -1.70217 0.74745 0.05759 0.202842 -0.095206 0.221399 0.172489 -0.855391 0.878091 -0.464094 0.116506 0.477825 0.863348 -0.162216 -0.0253016 0.198109 0.979853
30.460000 -3.22598 -1.69779 0.74616 0.0724867 0.224816 -0.0454074 0.409327 0.250653 -1.08804 0.887911 -0.444677 0.117801 0.459275 0.871444 -0.172194 -0.0260862 0.206996 0.977994
30.480000 -3.22438 -1.69307 0.74636 0.0862786 0.241767 0.0332439 0.660688 0.359862 -1.22917 0.898791 -0.421554 0.12028 0.437557 0.879457 -0.187347 -0.0268037 0.221015 0.974902
30.500000 -3.22284 -1.68806 0.747554 0.0702831 0.262521 0.0564288 0.77397 0.384618 -1.24328 0.909568 -0.396876 0.12319 0.414656 0.886298 -0.206244 -0.0273297 0.238674 0.970715
30.520000 -3.22172 -1.6831 0.748887 0.0560696 0.248147 0.06625 0.674091 0.39503 -1.05473 0.918441 -0.374789 0.126487 0.39449 0.891345 -0.223343 -0.0290371 0.255026 0.966498
30.540000 -3.22075 -1.67871 0.750214 0.0505784 0.216776 0.0639422 0.546841 0.384985 -0.851913 0.925214 -0.356335 0.130404 0.378083 0.894845 -0.237289 -0.0321367 0.268846 0.962647
30.560000 -3.21988 -1.67477 0.750938 0.0425143 0.190266 0.0257187 0.23134 0.315267 -0.590293 0.930021 -0.342284 0.133799 0.365733 0.897734 -0.245589 -0.0360548 0.277337 0.960096
30.580000 -3.21876 -1.67131 0.750333 0.0634204 0.165831 -0.0289685 0.172018 0.209249 -0.501377 0.933784 -0.331232 0.135399 0.355735 0.900239 -0.251043 -0.038738 0.282586 0.958459
30.600000 -3.21745 -1.66845 0.749662 0.0647705 0.126773 -0.0260251 -0.0406357 0.184542 -0.268263 0.936155 -0.323752 0.137106 0.349082 0.902366 -0.252738 -0.0418952 0.284464 0.957771
30.620000 -3.21611 -1.66636 0.748709 0.0670402 0.0935786 -0.0604693 -0.268738 0.094876 -0.0754737 0.937006 -0.32056 0.138787 0.346337 0.90431 -0.249547 -0.045512 0.281894 0.958365
30.640000 -3.2149 -1.6651 0.747561 0.0512802 0.0527053 -0.0494387 -0.191796 0.0567248 0.00178826 0.937005 -0.319969 0.140149 0.345967 0.905481 -0.245788 -0.0482577 0.278791 0.959139
30.660000 -3.21436 -1.6648 0.746609 0.0165772 0.00170231 -0.044992 -0.143501 0.0158193 0.0448503 0.936708 -0.320602 0.140687 0.346556 0.906166 -0.242407 -0.0497691 0.275821 0.95992
30.680000 -3.21476 -1.66551 0.745694 -0.0335134 -0.0468237 -0.042702 -0.149906 -0.0309882 0.0992412 0.936042 -0.322518 0.140738 0.348254 0.90639 -0.239115 -0.0504445 0.272834 0.960738
30.700000 -3.2161 -1.66733 0.744633 -0.0766101 -0.106102 -0.0554802 -0.179706 -0.088006 0.160515 0.935045 -0.325828 0.139736 0.350949 0.906542 -0.234555 -0.0502521 0.268359 0.962007
30.720000 -3.21772 -1.67012 0.742699 -0.0815022 -0.151644 -0.100015 -0.282199 -0.208552 0.323957 0.933195 -0.332159 0.137178 0.35605 0.906338 -0.227553 -0.0487458 0.261193 0.964055
30.740000 -3.21934 -1.67393 0.739062 -0.0901935 -0.232034 -0.193651 -0.553895 -0.374231 0.721366 0.928958 -0.345882 0.131919 0.367344 0.905375 -0.212966 -0.045775 0.246296 0.968113
30.760000 -3.22235 -1.67868 0.732231 -0.170868 -0.29506 -0.34334 -1.27895 -0.741212 1.57291 0.918675 -0.375591 0.122338 0.392856 0.901061 -0.183721 -0.0412298 0.216841 0.975336
30.780000 -3.2251 -1.68269 0.726502 -0.177712 -0.15097 -0.244714 -1.90904 -1.28932 2.27665 0.899886 -0.423321 0.104907 0.434815 0.889477 -0.140595 -0.033796 0.172134 0.984494
30.800000 -3.22603 -1.6848 0.728449 -0.020696 -0.0859157 0.143686 -2.08435 -2.13593 3.37591 0.867648 -0.491838 0.0726787 0.496847 0.863097 -0.0905911 -0.0181726 0.114711 0.993233
30.820000 -3.22425 -1.68739 0.735627 0.130461 -0.144957 0.374058 -2.38664 -2.51723 4.09952 0.824261 -0.565544 0.027448 0.566207 0.823435 -0.036934 -0.00171387 0.0459846 0.998941
30.840000 -3.21904 -1.69252 0.742835 0.302119 -0.320366 0.325884 -1.81932 -2.08166 3.74228 0.778024 -0.628064 -0.0146341 0.628149 0.778091 0.00162692 0.0103649 -0.0104582 0.999892
30.860000 -3.21245 -1.7003 0.747525 0.333372 -0.389334 0.190903 -1.13017 -1.67123 2.76401 0.739787 -0.67097 -0.0501449 0.672515 0.739693 0.0240538 0.0209524 -0.0515179 0.998452
30.880000 -3.20664 -1.70393 0.743904 0.302309 -0.182323 -0.199529 -0.652935 -1.38856 1.74387 0.713199 -0.696351 -0.0802664 0.700259 0.712922 0.0371346 0.031365 -0.0826917 0.996081
30.900000 -3.19976 -1.70864 0.743148 0.367128 -0.256007 0.0394376 0.266057 -0.43315 1.70194 0.687964 -0.719309 -0.0964344 0.724563 0.688333 0.0347237 0.0414019 -0.0937614 0.994733
30.920000 -3.19112 -1.71348 0.745394 0.424945 -0.22714 0.132105 0.292958 0.216281 1.37352 0.667088 -0.739162 -0.0929121 0.743607 0.668226 0.0228567 0.0451915 -0.0843376 0.995412
30.940000 -3.18341 -1.7176 0.748757 0.37003 -0.19506 0.188047 0.263619 0.2429 1.14947 0.64952 -0.755363 -0.0868948 0.758942 0.651013 0.0137693 0.0461689 -0.0748915 0.996122
30.960000 -3.17698 -1.72135 0.752289 0.270738 -0.193844 0.156547 0.150905 0.100323 1.47747 0.629795 -0.772246 -0.083631 0.775325 0.631521 0.0072548 0.0472122 -0.0694102 0.99647
30.980000 -3.17148 -1.72505 0.754355 0.27094 -0.180269 0.0733381 0.111533 0.307611 1.4655 0.606997 -0.790875 -0.0779191 0.793351 0.608763 0.00135715 0.0463609 -0.0626409 0.996959
31.000000 -3.16812 -1.72968 0.754351 0.158366 -0.251638 -0.0392722 -0.273504 0.564568 1.78707 0.578542 -0.812685 -0.0695103 0.814751 0.579806 0.00242727 0.0383299 -0.0580379 0.997578
31.020000 -3.16649 -1.73488 0.752133 0.0652293 -0.253522 -0.0912592 -0.775076 0.593532 1.14844 0.556789 -0.82893 -0.0534897 0.830423 0.556997 0.0123263 0.019576 -0.0512822 0.998492
31.040000 -3.16563 -1.74002 0.752453 0.0584049 -0.240377 0.019658 -0.976289 0.388455 0.425152 0.54822 -0.835176 -0.0439994 0.836333 0.547374 0.030473 -0.00136627 -0.0535041 0.998567
31.060000 -3.16322 -1.74682 0.754741 0.160468 -0.364696 0.1119 0.344925 1.00195 -0.465723 0.551777 -0.833655 -0.0236855 0.833931 0.551172 0.0277043 -0.010041 -0.0350387 0.999336
31.080000 -3.15852 -1.75371 0.758139 0.238127 -0.319041 0.168014 0.723961 1.23058 -0.923519 0.567024 -0.823696 0.00299513 0.823607 0.567011 0.0130137 -0.0124176 -0.00491229 0.999911
31.100000 -3.15276 -1.7593 0.760693 0.296371 -0.246267 0.111989 0.854581 1.45176 -1.46308 0.589856 -0.80681 0.0335795 0.807366 0.590024 -0.00572583 -0.015193 0.0304883 0.99942
31.120000 -3.14559 -1.76235 0.761584 0.35837 -0.114685 0.0365851 0.806373 1.49291 -2.04551 0.621097 -0.781067 0.0646012 0.783476 0.620893 -0.0256187 -0.0201005 0.0665252 0.997582
31.140000 -3.13819 -1.76157 0.760355 0.332899 0.113449 -0.0666155 0.617844 1.41173 -2.40842 0.657455 -0.74774 0.0929337 0.752987 0.656518 -0.0446653 -0.0276146 0.0993433 0.99467
31.160000 -3.13299 -1.75667 0.758775 0.193902 0.276425 -0.0848291 0.496019 1.28895 -2.62974 0.69577 -0.708672 0.116996 0.717288 0.694037 -0.061729 -0.037454 0.126869 0.991212
31.180000 -3.13138 -1.74944 0.758911 0.0246176 0.405821 -0.00631959 0.435286 1.01454 -2.78831 0.734959 -0.664786 0.133774 0.676633 0.731965 -0.0799688 -0.0447559 0.14929 0.98778
31.200000 -3.13304 -1.7408 0.760078 -0.115852 0.424511 0.0546613 0.52132 0.987835 -2.71475 0.770786 -0.619392 0.149137 0.634887 0.766241 -0.098963 -0.052978 0.170965 0.983852
31.220000 -3.13607 -1.73149 0.760329 -0.155096 0.470048 0.00299099 0.426777 0.758974 -2.34276 0.800367 -0.577764 0.160005 0.596488 0.79421 -0.115895 -0.0601179 0.188199 0.980289
31.240000 -3.13906 -1.72293 0.760578 -0.161118 0.417809 0.0160597 0.264394 0.49859 -1.83099 0.822619 -0.543998 0.165421 0.564813 0.815295 -0.127596 -0.0654553 0.198395 0.977934
31.260000 -3.1433 -1.71439 0.759859 -0.229724 0.428715 -0.0413518 0.20046 0.310745 -1.56211 0.840474 -0.515212 0.167808 0.537479 0.831968 -0.13764 -0.0686973 0.205876 0.976164
31.280000 -3.14903 -1.70556 0.75662 -0.306602 0.443111 -0.187765 -0.0493821 -0.0219278 -1.22421 0.854297 -0.493016 0.164659 0.51514 0.845316 -0.141676 -0.0693401 0.205856 0.976123
31.300000 -3.15602 -1.69595 0.751139 -0.361232 0.495156 -0.277753 -0.289209 -0.393011 -0.782576 0.863506 -0.480077 0.154545 0.500006 0.854984 -0.137829 -0.0659651 0.19629 0.978325
31.320000 -3.16248 -1.68323 0.747492 -0.315676 0.676565 -0.135364 -0.296779 -0.987144 -0.0881552 0.866919 -0.479544 0.135977 0.495559 0.858538 -0.131661 -0.0536044 0.181524 0.981924
31.340000 -3.17107 -1.67015 0.745673 -0.5098 0.581858 -0.0800637 -0.7559 -1.05799 0.214747 0.86569 -0.487262 0.114701 0.498733 0.859216 -0.114076 -0.0429685 0.155959 0.986828
31.360000 -3.18286 -1.66177 0.743019 -0.642538 0.371924 -0.116029 -0.81704 -1.05214 1.54443 0.853374 -0.512947 0.0929426 0.520356 0.848904 -0.0926952 -0.0313516 0.127467 0.991347
31.380000 -3.19663 -1.65409 0.745326 -0.631829 0.346955 0.179137 -1.99281 -1.43856 2.31366 0.828483 -0.555942 0.0674087 0.559257 0.827605 -0.0479831 -0.0291119 0.077452 0.996571
31.400000 -3.20542 -1.65259 0.750579 -0.399662 0.0205577 0.263759 -2.05443 -1.68194 2.73668 0.796691 -0.603461 0.0334567 0.603818 0.797122 -0.000733926 -0.0262262 0.0207865 0.99944
31.420000 -3.21093 -1.65571 0.75483 -0.237664 -0.192312 0.185276 -1.76258 -1.59006 2.87541 0.760629 -0.649186 -0.000771736 0.648756 0.760081 0.03731 -0.0236346 -0.0288797 0.999303
31.440000 -3.21499 -1.66004 0.75864 -0.128027 -0.225677 0.228944 -1.15082 -0.836304 2.46484 0.726869 -0.686314 -0.0251911 0.686322 0.724567 0.0629692 -0.024964 -0.0630596 0.997697
31.460000 -3.21504 -1.66505 0.762333 0.0331215 -0.242012 0.162209 -0.66103 -0.439983 1.96376 0.698699 -0.714418 -0.0377706 0.714854 0.695085 0.076421 -0.0283428 -0.0803957 0.99636
31.480000 -3.21293 -1.66762 0.762653 0.128198 -0.0696755 -0.0361401 0.196818 0.16195 1.38461 0.678784 -0.73326 -0.0397805 0.733824 0.675285 0.0741142 -0.0274818 -0.0794994 0.996456
31.500000 -3.21064 -1.66836 0.763069 0.116245 -0.0445155 0.00414819 0.842712 0.640722 1.25254 0.659205 -0.751271 -0.0322675 0.75162 0.657002 0.0584413 -0.0227055 -0.0627777 0.997769
31.520000 -3.20794 -1.67028 0.762265 0.139006 -0.0984923 -0.0218484 0.581555 0.206057 1.18716 0.640056 -0.767909 -0.0253623 0.768149 0.638846 0.0426892 -0.0165788 -0.0468055 0.998766
31.540000 -3.20519 -1.673 0.761787 0.124101 -0.144996 -0.0361137 0.485828 0.141183 0.757257 0.62653 -0.779108 -0.0212258 0.779324 0.625867 0.0307194 -0.0106492 -0.0357885 0.999303
31.560000 -3.20535 -1.67812 0.761036 -0.0137489 -0.266128 -0.0529329 0.517921 0.481723 0.528342 0.616716 -0.787117 -0.0103957 0.787143 0.616491 0.0185748 -0.00821172 -0.0196382 0.999773
31.580000 -3.2069 -1.68536 0.760121 -0.13744 -0.380379 -0.0491682 0.593913 0.78415 0.378546 0.611829 -0.79096 0.00686504 0.790948 0.611863 0.00497306 -0.00813396 0.00238723 0.999964
31.600000 -3.21142 -1.69522 0.759354 -0.252628 -0.528682 -0.0337101 0.564255 0.988372 -0.0669153 0.612249 -0.790192 0.0273358 0.790593 0.612293 -0.00770101 -0.0106523 0.0263265 0.999597
31.620000 -3.21678 -1.70702 0.75904 -0.265553 -0.600731 -0.00739319 0.542678 1.11906 -0.437496 0.61884 -0.783906 0.0502845 0.785362 0.618722 -0.0197633 -0.0156195 0.0517218 0.998539
31.640000 -3.22206 -1.71963 0.75924 -0.259822 -0.628687 0.0154669 0.578919 1.25444 -0.870476 0.632152 -0.771117 0.0759061 0.774526 0.631661 -0.0333823 -0.0222053 0.079894 0.996556
31.660000 -3.22595 -1.73261 0.76006 -0.162403 -0.642956 0.0444851 0.782793 1.07666 -1.63445 0.655374 -0.748894 0.0981951 0.754884 0.65379 -0.0520561 -0.0252144 0.108242 0.993805
31.680000 -3.22658 -1.74459 0.761855 -0.00730243 -0.587494 0.104379 0.919926 1.16139 -2.34927 0.688789 -0.715061 0.119406 0.724441 0.68514 -0.0759552 -0.0274975 0.13882 0.989936
31.700000 -3.22703 -1.75615 0.7634 -0.0291396 -0.57899 0.0573683 0.926068 1.12151 -2.62142 0.725272 -0.674368 0.138594 0.687796 0.718591 -0.10278 -0.0302807 0.169868 0.985001
31.720000 -3.22726 -1.76683 0.763443 0.000143005 -0.498024 3.69074e-05 0.849833 0.804349 -2.69321 0.761558 -0.630295 0.150861 0.647279 0.751399 -0.12818 -0.032565 0.195266 0.98021
31.740000 -3.2264 -1.77486 0.76324 0.0554794 -0.366667 -0.0127381 0.909507 0.393686 -2.55494 0.794088 -0.588151 0.153305 0.607111 0.779565 -0.153931 -0.0289768 0.215308 0.976116
31.760000 -3.22511 -1.77992 0.762853 0.0658611 -0.215179 -0.0171099 0.85315 0.0683332 -2.40035 0.822711 -0.548892 0.147867 0.568075 0.803432 -0.178292 -0.0209381 0.230682 0.972804
31.780000 -3.22378 -1.78226 0.763149 0.0655926 -0.0802799 0.0268522 0.588677 -0.271048 -2.26587 0.847589 -0.513164 0.135115 0.530548 0.824571 -0.196475 -0.0105879 0.238215 0.971155
31.800000 -3.22191 -1.7817 0.764333 0.097115 0.0553969 0.0564633 0.419931 -0.662353 -2.31877 0.870843 -0.478069 0.114373 0.491544 0.845038 -0.210464 0.00396656 0.239501 0.970888
31.820000 -3.22021 -1.77996 0.765391 0.102704 0.113695 0.105076 -1.26545 -0.608598 -2.17522 0.890833 -0.445323 0.0900228 0.454205 0.868259 -0.199558 0.0107048 0.218662 0.975742
31.840000 -3.21688 -1.78031 0.76541 0.157959 -0.0475276 -0.0246421 -1.08478 -0.30305 -1.54463 0.906068 -0.416331 0.0755611 0.423028 0.887317 -0.183619 0.00939985 0.198336 0.980089
31.860000 -3.21368 -1.78234 0.762022 0.177411 -0.116656 -0.203825 -1.48676 -0.448428 -0.853952 0.913531 -0.401953 0.0624088 0.406721 0.900251 -0.155327 0.00625038 0.167279 0.98589
31.880000 -3.2106 -1.78416 0.758139 0.180096 -0.111811 -0.184429 -2.0554 -0.774323 -0.0692728 0.914736 -0.401468 0.045634 0.404033 0.907716 -0.113181 0.00401565 0.121968 0.992526
31.900000 -3.20611 -1.78642 0.755148 0.284898 -0.082093 -0.142128 -2.27367 -1.00016 0.520422 0.910205 -0.413319 0.0263514 0.41415 0.907944 -0.0641626 0.00259407 0.0693146 0.997591
31.920000 -3.19767 -1.78781 0.753243 0.484304 -0.0349672 -0.0869266 -2.11223 -1.08919 0.988796 0.901749 -0.432232 0.00495931 0.432246 0.901563 -0.0186444 0.00358757 0.0189562 0.999814
31.940000 -3.18511 -1.7864 0.752389 0.688423 0.10813 -0.0315877 -1.84342 -1.1131 1.5089 0.88834 -0.458839 -0.0178507 0.459141 0.888125 0.0205509 0.00642413 -0.0264522 0.999629
31.960000 -3.16936 -1.78262 0.752485 0.775489 0.214951 0.0263224 -1.36658 -0.775733 1.64352 0.871648 -0.488662 -0.0379398 0.49006 0.870231 0.0503798 0.00839767 -0.0625063 0.998009
31.980000 -3.15352 -1.77773 0.7529 0.784961 0.255073 0.0116645 -1.02027 -0.405291 1.51114 0.85544 -0.515492 -0.0498928 0.517867 0.852516 0.0709277 0.00597176 -0.0865122 0.996233
32.000000 -3.13791 -1.77209 0.75212 0.778679 0.293711 -0.0581749 -0.816316 -0.261752 1.41766 0.839926 -0.539598 -0.0579478 0.542698 0.835458 0.0865373 0.00171756 -0.104133 0.994562
32.020000 -3.12249 -1.76565 0.749496 0.768425 0.332563 -0.155465 -0.697715 -0.121752 1.41209 0.824026 -0.562935 -0.0639083 0.56654 0.81803 0.0992969 -0.00361889 -0.11803 0.993003
32.040000 -3.10777 -1.75868 0.745715 0.717077 0.348192 -0.183979 -0.705612 0.168076 1.37891 0.807948 -0.585644 -0.0651242 0.58912 0.800459 0.110467 -0.0125653 -0.127618 0.991744
32.060000 -3.09524 -1.7522 0.742332 0.589444 0.317004 -0.192742 -1.13955 0.634646 1.75517 0.788374 -0.612434 -0.0582236 0.614308 0.778619 0.127978 -0.0330439 -0.136662 0.990067
32.080000 -3.08707 -1.74786 0.738625 0.354114 0.199864 -0.163559 -1.3394 0.577293 2.32219 0.759781 -0.648056 -0.0525038 0.647476 0.746795 0.151894 -0.059226 -0.149401 0.987001
32.100000 -3.08122 -1.74478 0.735858 0.252585 0.160793 -0.152796 -0.39335 0.963169 2.21945 0.728351 -0.684077 -0.0392842 0.680564 0.715569 0.157459 -0.0796037 -0.141421 0.986744
32.120000 -3.07655 -1.74097 0.734808 0.207389 0.202064 -0.0409285 0.18814 1.2439 1.4188 0.703227 -0.710731 -0.0182552 0.704416 0.693043 0.153262 -0.0962765 -0.120637 0.988017
32.140000 -3.07481 -1.73929 0.739235 0.0372378 0.0192261 0.270483 0.774988 0.97424 0.268514 0.694122 -0.719854 0.00217 0.712686 0.687629 0.138725 -0.101354 -0.0947455 0.990329
32.160000 -3.07346 -1.73846 0.744607 0.0847481 0.0565751 0.246412 1.24771 0.937162 -1.02252 0.703184 -0.710545 0.0256464 0.704228 0.700995 0.112555 -0.0979532 -0.0610857 0.993315
32.180000 -3.06874 -1.73484 0.749863 0.272321 0.215038 0.268006 1.86359 1.53385 -1.96704 0.726099 -0.684902 0.0607415 0.681151 0.728548 0.0724623 -0.0938827 -0.0112407 0.99552
32.200000 -3.07098 -1.73058 0.756933 -0.0923586 0.223109 0.385062 2.04938 1.30084 -2.12465 0.751787 -0.652805 0.0930701 0.653637 0.756379 0.0254908 -0.0870368 0.0416704 0.995333
32.220000 -3.07787 -1.72444 0.76566 -0.394794 0.346683 0.409735 1.98881 1.07759 -2.25999 0.779838 -0.615249 0.115417 0.621119 0.783451 -0.0204075 -0.0778682 0.0876025 0.993107
32.240000 -3.09045 -1.71736 0.77052 -0.702661 0.329252 0.175679 1.65622 1.24558 -2.0462 0.804352 -0.578099 0.13718 0.589323 0.805637 -0.0603934 -0.0756039 0.129421 0.988703
32.260000 -3.10429 -1.7142 0.770953 -0.684893 0.158766 -0.000370793 1.24803 1.05133 -2.06781 0.827619 -0.539315 0.155519 0.5558 0.826097 -0.093008 -0.078313 0.163413 0.983445
32.280000 -3.11646 -1.71016 0.769009 -0.586219 0.230837 -0.123939 1.10352 0.752032 -1.85553 0.847814 -0.503365 0.166837 0.524292 0.842852 -0.12132 -0.0795504 0.190329 0.978492
32.300000 -3.12771 -1.70474 0.76425 -0.542641 0.278851 -0.284244 1.08329 0.516681 -1.5135 0.862926 -0.474333 0.174262 0.499131 0.853907 -0.147349 -0.0789111 0.214131 0.973612
32.320000 -3.13634 -1.6982 0.755914 -0.410311 0.324835 -0.45574 1.16764 0.478751 -1.32211 0.875666 -0.448626 0.17873 0.476895 0.861608 -0.173791 -0.0760283 0.237418 0.968428
32.340000 -3.14197 -1.69206 0.743668 -0.204369 0.292086 -0.714533 1.12022 0.655401 -1.11936 0.885553 -0.426647 0.18376 0.458574 0.866063 -0.199111 -0.0741972 0.260591 0.962594
32.360000 -3.14508 -1.68493 0.728422 -0.153325 0.346652 -0.790858 0.253531 -0.120238 -0.74802 0.892776 -0.414048 0.177523 0.445018 0.871841 -0.204578 -0.0700662 0.261643 0.962618
32.380000 -3.14777 -1.67429 0.716213 -0.138202 0.545045 -0.536859 -1.91059 -0.688586 -0.755464 0.901168 -0.402283 0.161445 0.427582 0.886149 -0.178642 -0.0712002 0.230017 0.970578
32.400000 -3.15 -1.66477 0.714545 -0.0833953 0.424666 0.0162126 -1.68569 -0.958835 0.52644 0.90162 -0.408309 0.142703 0.426983 0.892884 -0.142981 -0.0690368 0.189846 0.979384
32.420000 -3.15275 -1.65933 0.719282 -0.13933 0.261994 0.27192 -2.3573 -1.17148 1.53232 0.890667 -0.437882 0.12236 0.449373 0.888747 -0.0905126 -0.0691132 0.135602 0.98835
32.440000 -3.15525 -1.65588 0.728326 -0.169847 0.131832 0.442724 -2.64478 -1.41507 2.79834 0.867853 -0.487503 0.0957642 0.491954 0.87015 -0.0286374 -0.0693684 0.0719646 0.994992
32.460000 -3.15637 -1.65837 0.736519 -0.0299125 -0.17767 0.373755 -2.28759 -1.87075 3.28131 0.834864 -0.547191 0.0598648 0.546719 0.836929 0.0254585 -0.0640333 0.0114748 0.997882
32.480000 -3.15835 -1.66315 0.742385 -0.0291286 -0.24848 0.287451 -1.68449 -1.69139 3.17532 0.79855 -0.601537 0.021694 0.599283 0.7979 0.0649242 -0.056364 -0.0388444 0.997654
32.500000 -3.15727 -1.66847 0.74687 0.11364 -0.229354 0.206167 -1.11673 -1.27887 3.49417 0.756347 -0.654072 -0.0113831 0.652237 0.752661 0.0899329 -0.0502549 -0.075445 0.995883
32.520000 -3.15343 -1.67483 0.749042 0.235649 -0.318163 0.0766416 -0.776497 -0.922682 3.33942 0.710745 -0.702432 -0.0378348 0.701846 0.704469 0.105528 -0.0474726 -0.101557 0.993696
32.540000 -3.14776 -1.68096 0.748285 0.294116 -0.25998 -0.0800801 -0.405296 -0.701101 3.18493 0.664796 -0.744726 -0.0585634 0.745667 0.65682 0.112113 -0.0450279 -0.118201 0.991968
32.560000 -3.14077 -1.68516 0.742239 0.349149 -0.179585 -0.414983 -0.25891 -0.733691 2.70601 0.622404 -0.778856 -0.0774315 0.781671 0.613479 0.112402 -0.0400428 -0.130486 0.990641
32.580000 -3.13143 -1.68937 0.736156 0.479038 -0.223767 -0.280918 -0.0668027 -0.380357 2.11981 0.587289 -0.804771 -0.0862266 0.808516 0.57841 0.108372 -0.0373407 -0.133361 0.990364
32.600000 -3.11953 -1.69431 0.728253 0.606392 -0.265589 -0.422232 0.852502 0.361656 1.7543 0.557616 -0.825933 -0.083059 0.829615 0.55108 0.0897224 -0.0283325 -0.118938 0.992497
32.620000 -3.10486 -1.70044 0.724803 0.809007 -0.311056 -0.105101 0.254564 0.535924 1.88719 0.527835 -0.845929 -0.0761155 0.848973 0.52282 0.0768408 -0.0252072 -0.105179 0.994134
32.640000 -3.08658 -1.70612 0.725761 0.902809 -0.291053 0.0841101 0.436695 1.85782 0.963687 0.506684 -0.86104 -0.0433778 0.861471 0.503684 0.0645778 -0.0337553 -0.0700893 0.996969
32.660000 -3.07432 -1.71289 0.731021 0.469546 -0.350967 0.310901 0.647572 2.12197 -0.372283 0.506839 -0.862037 0.00234235 0.860933 0.506324 0.0493093 -0.0436925 -0.0229753 0.998781
32.680000 -3.06791 -1.71862 0.737371 0.289304 -0.279015 0.308496 0.789795 1.98822 -0.850892 0.520058 -0.852872 0.0463631 0.852593 0.521612 0.0317269 -0.0512425 0.0230291 0.998421
32.700000 -3.06189 -1.72273 0.742158 0.326922 -0.199946 0.214967 0.997994 1.62191 -1.95664 0.549849 -0.831146 0.082847 0.833531 0.552388 0.00964819 -0.0537828 0.0637505 0.996516
32.720000 -3.05802 -1.72464 0.743033 0.108713 -0.0319361 -0.0419183 1.01147 1.72762 -2.50157 0.591396 -0.79777 0.117531 0.804475 0.593713 -0.0180097 -0.0554119 0.105201 0.992906
32.740000 -3.0557 -1.72535 0.741633 0.137306 -0.0644996 -0.0900116 1.6425 1.75252 -3.1675 0.638792 -0.754423 0.150966 0.767552 0.638404 -0.0574877 -0.0530071 0.152597 0.986866
32.760000 -3.05343 -1.72519 0.736116 0.15367 0.0299566 -0.343621 1.52805 1.44784 -3.02222 0.683158 -0.708513 0.17693 0.728541 0.677899 -0.0983876 -0.050232 0.196115 0.979293
32.780000 -3.04838 -1.7218 0.726886 0.248843 0.162427 -0.484355 1.2985 1.50871 -2.4056 0.71813 -0.666448 0.200341 0.693819 0.707956 -0.131961 -0.0538875 0.233766 0.970798
32.800000 -3.03904 -1.71792 0.713073 0.544527 0.180994 -0.736238 0.730863 1.42703 -2.08378 0.745409 -0.628951 0.220876 0.663503 0.731965 -0.15489 -0.0642556 0.262009 0.962924
32.820000 -3.02778 -1.71328 0.69679 0.571878 0.235053 -0.847041 1.25452 1.88418 -1.78072 0.767148 -0.592654 0.245451 0.636991 0.748957 -0.182497 -0.0756745 0.296352 0.952076
32.840000 -3.01866 -1.7059 0.679724 0.432438 0.392724 -0.786554 0.707128 1.30901 -1.66535 0.786818 -0.5558 0.268336 0.610842 0.763452 -0.209791 -0.0882598 0.328978 0.940204
32.860000 -3.01518 -1.69669 0.675679 0.115596 0.40855 -0.0684804 -1.64457 -0.894248 -1.12596 0.803295 -0.542182 0.246488 0.588131 0.787382 -0.184749 -0.0939128 0.293375 0.951373
32.880000 -3.01362 -1.68953 0.675063 0.0708195 0.307703 -0.0208891 -1.86761 -1.01719 -0.253491 0.810221 -0.541573 0.224144 0.577778 0.802281 -0.15006 -0.0985581 0.251087 0.962934
32.900000 -3.01186 -1.68539 0.6751 0.0921219 0.131294 -0.0252426 -2.23425 -1.3285 1.05475 0.803972 -0.560458 0.198788 0.585826 0.803885 -0.102845 -0.102162 0.199139 0.974631
32.920000 -3.0086 -1.68933 0.67998 0.18954 -0.278278 0.287292 -1.46499 -1.46668 1.3819 0.78951 -0.589667 0.170194 0.605834 0.793138 -0.0624291 -0.0981745 0.152397 0.983431
32.940000 -3.0063 -1.69248 0.688445 0.0913055 -0.174665 0.456023 -1.96126 -2.18629 2.02643 0.768356 -0.626946 0.128717 0.633732 0.773387 -0.0159984 -0.0895182 0.0938647 0.991552
32.960000 -3.00496 -1.69743 0.699316 0.0344209 -0.318042 0.54923 -1.76256 -2.42328 2.88289 0.734687 -0.673761 0.0792556 0.673948 0.738232 0.0284027 -0.0776457 0.0325471 0.99645
32.980000 -3.00406 -1.70795 0.709697 0.0314902 -0.588731 0.481111 -1.36611 -2.4425 3.5595 0.68806 -0.72519 0.0259447 0.722926 0.688133 0.062058 -0.0628572 -0.0239435 0.997735
33.000000 -3.00609 -1.72306 0.717212 -0.0871549 -0.779606 0.332974 -0.927221 -2.00146 3.82346 0.631853 -0.774756 -0.0227102 0.773468 0.628367 0.0830789 -0.0500955 -0.0700593 0.996284
33.020000 -3.0078 -1.73822 0.723135 -0.0985476 -0.740586 0.266994 -0.462684 -1.50539 4.16861 0.567252 -0.821249 -0.0614478 0.822497 0.56119 0.0925484 -0.0415214 -0.103039 0.99381
33.040000 -3.00809 -1.75328 0.728389 0.0369835 -0.7167 0.254855 -0.58275 -1.25946 3.97228 0.498099 -0.861906 -0.0949514 0.86624 0.489668 0.0992661 -0.0390634 -0.131695 0.99052
33.060000 -3.00362 -1.76556 0.733056 0.293356 -0.574871 0.202623 -0.232286 -1.22228 3.24055 0.438987 -0.889627 -0.125909 0.897897 0.429264 0.0975328 -0.0327194 -0.155869 0.987236
33.080000 -2.99672 -1.77438 0.737082 0.357613 -0.371443 0.229809 0.165406 -1.38778 2.98041 0.386306 -0.909113 -0.155826 0.922121 0.376723 0.0881613 -0.0214452 -0.177748 0.983842
33.100000 -2.98864 -1.7816 0.739534 0.411854 -0.357246 0.0991483 0.159683 -1.25196 2.38385 0.340275 -0.921915 -0.185166 0.940283 0.331708 0.0764066 -0.00901938 -0.200107 0.979732
33.120000 -2.98224 -1.7891 0.744045 0.218705 -0.390607 0.318189 -0.551456 -0.914236 1.05545 0.31256 -0.927402 -0.205503 0.949874 0.303629 0.074486 -0.00668198 -0.218483 0.975818
33.140000 -2.97884 -1.79822 0.747132 0.146907 -0.455045 0.129213 -0.0507981 0.827822 1.04746 0.291674 -0.936333 -0.195468 0.956439 0.282877 0.0721393 -0.0122529 -0.207994 0.978053
33.160000 -2.97556 -1.80685 0.753575 0.0976775 -0.378236 0.325851 0.361565 2.23585 0.155316 0.283262 -0.947218 -0.150138 0.958879 0.276833 0.0625625 -0.0176972 -0.161686 0.986684
33.180000 -2.97565 -1.81434 0.759578 -0.101478 -0.381075 0.267361 0.77173 3.14214 -0.432447 0.294534 -0.951917 -0.0842882 0.955392 0.291297 0.0486996 -0.021805 -0.094872 0.995251
33.200000 -2.97885 -1.82193 0.763956 -0.178905 -0.370601 0.211755 0.877743 3.70856 -1.90242 0.32734 -0.944887 -0.00604697 0.944501 0.327005 0.0314052 -0.027697 -0.0159916 0.999488
33.220000 -2.98387 -1.83151 0.766895 -0.274751 -0.544426 0.120905 0.792733 3.44832 -3.60306 0.390651 -0.917864 0.0701321 0.919691 0.392426 0.0130639 -0.0395126 0.0593964 0.997452
33.240000 -2.9902 -1.84321 0.768061 -0.298558 -0.631274 0.0313395 0.843884 2.75639 -4.14484 0.465199 -0.875725 0.129215 0.883861 0.467562 -0.0132812 -0.0487851 0.120386 0.991528
33.260000 -3.00095 -1.85526 0.773336 -0.578968 -0.615059 0.253844 1.39842 1.49465 -3.74056 0.532443 -0.83134 0.159307 0.845448 0.531527 -0.0519335 -0.0415017 0.162338 0.985862
33.280000 -3.01438 -1.86759 0.777228 -0.700353 -0.618908 0.166872 1.39913 1.05781 -3.0861 0.586122 -0.790597 0.17725 0.809625 0.579906 -0.0906456 -0.0311241 0.196635 0.979983
33.300000 -3.02801 -1.87972 0.777208 -0.693755 -0.58559 -0.078527 1.24749 0.959418 -2.34592 0.625966 -0.756481 0.18948 0.779552 0.613696 -0.125203 -0.0215696 0.226082 0.973869
33.320000 -3.04275 -1.89021 0.771246 -0.750305 -0.525575 -0.325495 1.00793 0.918393 -1.78977 0.654765 -0.727519 0.204938 0.755599 0.636778 -0.15357 -0.0187746 0.255403 0.966652
33.340000 -3.05878 -1.90004 0.762428 -0.835376 -0.484894 -0.466594 0.631157 0.202757 -1.24708 0.674515 -0.708091 0.208894 0.738146 0.651849 -0.17388 -0.0130443 0.271478 0.962356
33.360000 -3.07624 -1.9091 0.753491 -0.860879 -0.446078 -0.461837 0.427027 0.143084 -0.931114 0.688497 -0.694878 0.207643 0.725189 0.663 -0.185829 -0.0085391 0.278523 0.960392
33.380000 -3.093 -1.91949 0.740674 -0.796223 -0.560436 -0.646039 -0.363789 -0.56846 -1.357 0.705709 -0.681904 0.192307 0.708474 0.681572 -0.183097 -0.00621648 0.265457 0.964103
33.400000 -3.10633 -1.93147 0.726945 -0.514339 -0.612213 -0.59589 -1.107 -0.718375 -1.57955 0.726885 -0.665991 0.167613 0.686703 0.707967 -0.164992 -0.00878114 0.235031 0.971948
33.420000 -3.11665 -1.94218 0.726091 -0.514826 -0.523471 0.124151 -0.99397 -1.40202 0.0497307 0.730973 -0.668293 0.138066 0.682387 0.717343 -0.140595 -0.00508218 0.196986 0.980393
33.440000 -3.12311 -1.95373 0.734845 -0.264708 -0.590876 0.461422 -1.42926 -1.83533 0.831341 0.719661 -0.686644 0.102994 0.694323 0.711284 -0.109505 0.00193312 0.150317 0.988636
33.460000 -3.12631 -1.96687 0.746719 -0.0822733 -0.63083 0.584602 -1.47718 -2.05805 1.89119 0.692615 -0.71853 0.0632377 0.721243 0.688716 -0.0740216 0.00963391 0.0968783 0.99525
33.480000 -3.12504 -1.9778 0.757708 0.139535 -0.459306 0.455057 -1.62747 -2.47254 2.76673 0.650831 -0.759016 0.0177462 0.75901 0.649916 -0.0389109 0.0180005 0.0387939 0.999085
33.500000 -3.12264 -1.98515 0.765546 0.178419 -0.307889 0.403963 -1.615 -2.25686 2.76891 0.605327 -0.795455 -0.0288312 0.795637 0.60573 -0.00731434 0.0232822 -0.0185116 0.999558
33.520000 -3.11712 -1.99063 0.770972 0.277419 -0.287944 0.201786 -1.01202 -1.82176 2.48514 0.561769 -0.824546 -0.0673751 0.826897 0.562156 0.0148757 0.0256097 -0.064069 0.997617
33.540000 -3.10922 -1.99488 0.772004 0.417433 -0.188374 -0.029291 -0.598646 -1.87379 2.4205 0.520054 -0.847818 -0.103675 0.853557 0.520319 0.0266235 0.0313722 -0.102338 0.994255
33.560000 -3.09862 -1.99472 0.770504 0.533071 0.0914581 -0.086878 -1.12468 -1.51698 2.29187 0.478334 -0.867359 -0.137419 0.877598 0.477817 0.0389053 0.0319161 -0.139208 0.989749
33.580000 -3.0911 -1.99134 0.76847 0.366702 0.163638 -0.142479 -0.834318 -0.804447 1.77733 0.444407 -0.881977 -0.156907 0.895466 0.44232 0.0499354 0.0253611 -0.162696 0.98635
33.600000 -3.08418 -1.98875 0.763505 0.32529 0.12309 -0.299367 -0.75244 -0.465775 1.35916 0.41793 -0.89287 -0.167681 0.908337 0.413953 0.0597282 0.0160826 -0.177273 0.98403
33.620000 -3.0766 -1.98784 0.758002 0.356917 0.0402825 -0.306513 -0.422061 0.0949256 1.10384 0.396669 -0.902645 -0.166989 0.917939 0.391315 0.0652739 0.00642613 -0.179178 0.983796
33.640000 -3.07011 -1.98794 0.755895 0.313512 0.0183306 -0.0293637 -0.357595 2.78895 1.22343 0.375406 -0.918481 -0.124354 0.926725 0.369661 0.0673194 -0.0158626 -0.140514 0.989952
33.660000 -3.06214 -1.98594 0.752724 0.426718 0.139345 -0.21447 -0.0559717 3.27437 0.0293943 0.368314 -0.927958 -0.0569199 0.928818 0.364605 0.0660268 -0.0405168 -0.0771868 0.996193
33.680000 -3.0547 -1.98126 0.752774 0.227292 0.287002 0.181546 0.675978 1.85746 -0.727526 0.381669 -0.924267 -0.00766939 0.922981 0.380668 0.0565409 -0.0493394 -0.0286586 0.998371
33.700000 -3.0543 -1.9743 0.759581 -0.0473855 0.355138 0.36804 1.13185 1.39326 -1.38729 0.408049 -0.912599 0.0256623 0.912064 0.408733 0.0328148 -0.0404358 0.0100157 0.999132
33.720000 -3.05785 -1.96658 0.765659 -0.175909 0.402633 0.229015 1.17507 1.32449 -2.15021 0.445362 -0.89379 0.0528456 0.894851 0.446309 0.00707791 -0.0299116 0.0441367 0.998578
33.740000 -3.0631 -1.96075 0.764987 -0.315602 0.29306 -0.128711 0.868745 1.28955 -2.45604 0.489944 -0.86803 0.0804858 0.871393 0.490306 -0.0165669 -0.0250821 0.0782517 0.996618
33.760000 -3.06563 -1.95445 0.762752 -0.0705507 0.381496 -0.118938 1.53873 1.32946 -2.90447 0.539902 -0.834989 0.106299 0.841617 0.537564 -0.0520286 -0.0136991 0.117553 0.992972
33.780000 -3.06613 -1.94555 0.759186 0.00502441 0.459895 -0.155734 1.51342 1.49492 -2.54417 0.584341 -0.800993 0.130215 0.811498 0.577556 -0.0888802 -0.00401397 0.157606 0.987494
33.800000 -3.06353 -1.9354 0.754666 0.22699 0.506592 -0.284517 1.01251 1.75491 -2.15674 0.619895 -0.768448 0.158801 0.784662 0.608605 -0.117925 -0.00602787 0.197706 0.980243
33.820000 -3.05753 -1.92593 0.749071 0.317937 0.476435 -0.290249 0.731872 1.30605 -1.69033 0.648113 -0.739986 0.179919 0.761473 0.632939 -0.139812 -0.0104188 0.227617 0.973695
33.840000 -3.05064 -1.91681 0.742002 0.36442 0.448371 -0.37897 0.591163 1.18392 -1.18629 0.666835 -0.717931 0.199763 0.745002 0.64851 -0.156226 -0.0173887 0.253 0.96731
33.860000 -3.04323 -1.90734 0.732618 0.368313 0.455332 -0.508624 0.77028 0.831087 -0.851763 0.679837 -0.701476 0.2139 0.733092 0.657977 -0.172171 -0.0199673 0.273856 0.961563
33.880000 -3.0366 -1.8976 0.720718 0.33637 0.481651 -0.590626 0.272723 0.271305 -0.643514 0.689461 -0.691172 0.216621 0.724107 0.665014 -0.182828 -0.01769 0.282909 0.958983
33.900000 -3.03036 -1.88825 0.71202 0.329287 0.429171 -0.363948 -1.09291 -0.671598 -0.181846 0.69446 -0.690375 0.202752 0.71921 0.674439 -0.166939 -0.0214934 0.261753 0.964895
33.920000 -3.0235 -1.88273 0.711429 0.334566 0.215938 0.0521803 -0.949767 -0.811248 0.523365 0.687932 -0.70142 0.186439 0.72537 0.673058 -0.144332 -0.0242474 0.234528 0.971807
33.940000 -3.01827 -1.88091 0.716157 0.230109 0.013123 0.278756 -1.75662 -1.28684 1.04648 0.672647 -0.721833 0.162797 0.739286 0.664978 -0.106114 -0.0316597 0.191731 0.980937
33.960000 -3.01326 -1.88356 0.725349 0.229514 -0.187665 0.508423 -2.67052 -2.10161 1.93045 0.646121 -0.753071 0.124146 0.761974 0.645809 -0.0482296 -0.0438545 0.125758 0.991091
33.980000 -3.01114 -1.88942 0.738329 0.0868442 -0.303783 0.64234 -2.74652 -2.0251 2.91499 0.601942 -0.794325 0.0819405 0.796122 0.604931 0.0157696 -0.0620945 0.0557422 0.996512
34.000000 -3.00909 -1.89664 0.750746 0.0991799 -0.372427 0.586016 -2.16021 -1.62004 3.49844 0.546231 -0.836539 0.0428274 0.833859 0.547906 0.0669159 -0.0794432 -0.000839516 0.996839
34.020000 -3.00509 -1.90656 0.761718 0.208914 -0.524634 0.512966 -1.53116 -1.18987 3.68566 0.484573 -0.874693 0.0100096 0.869671 0.482959 0.10209 -0.0941318 -0.040765 0.994725
34.040000 -2.99891 -1.91773 0.771327 0.334445 -0.582051 0.472489 -0.546525 -0.791691 3.71176 0.418165 -0.908222 -0.0164523 0.902857 0.413566 0.117529 -0.0999386 -0.0640008 0.992933
34.060000 -2.99098 -1.92769 0.779854 0.427847 -0.491545 0.362435 0.00832507 -0.297183 3.08255 0.359227 -0.93271 -0.031739 0.928234 0.353567 0.11564 -0.0966365 -0.0710021 0.992784
34.080000 -2.98199 -1.93706 0.78115 0.471334 -0.451611 0.0153699 0.101673 -0.796102 2.79259 0.306642 -0.950473 -0.0507217 0.947774 0.299992 0.108301 -0.087721 -0.0812823 0.992823
34.100000 -2.97048 -1.94514 0.778359 0.603128 -0.390916 -0.199791 0.265321 -0.632074 2.47726 0.259402 -0.963307 -0.0689247 0.962468 0.251961 0.10085 -0.0797831 -0.0924985 0.992511
34.120000 -2.95643 -1.95329 0.772109 0.745652 -0.421805 -0.347279 0.214864 -0.284448 2.27214 0.216165 -0.973116 -0.07949 0.973593 0.208715 0.0924942 -0.0734168 -0.0973849 0.992535
34.140000 -2.9414 -1.96128 0.766294 0.743112 -0.396727 -0.337931 0.430392 -0.00652107 1.97927 0.176705 -0.980786 -0.0826635 0.98214 0.170187 0.0802358 -0.064626 -0.0953652 0.993342
34.160000 -2.9268 -1.96642 0.760913 0.687853 -0.176686 -0.311299 0.513032 0.332826 2.33779 0.131719 -0.988371 -0.0759839 0.989626 0.126676 0.0677681 -0.0573546 -0.084122 0.994803
34.180000 -2.91427 -1.96987 0.756991 0.582398 -0.1982 -0.145533 0.403771 0.83603 1.94666 0.0938328 -0.993869 -0.0584722 0.994509 0.0908357 0.0519685 -0.0463385 -0.0630275 0.996935
34.200000 -2.90712 -1.97392 0.756097 0.234484 -0.277494 -0.00657148 0.292691 0.944602 0.2912 0.0799557 -0.99616 -0.0356786 0.995997 0.0784053 0.0429216 -0.0399594 -0.0389676 0.998441
34.220000 -2.90844 -1.98089 0.756557 -0.186567 -0.416052 -0.000736973 0.320686 1.45129 -0.707232 0.0943946 -0.995528 -0.00368896 0.994934 0.0942082 0.0350998 -0.0345953 -0.00698351 0.999377
34.240000 -2.91714 -1.9926 0.760205 -0.482709 -0.635194 0.201981 0.926113 1.49827 -1.86481 0.132036 -0.990834 0.0285307 0.991059 0.132514 0.0155529 -0.019191 0.026222 0.999472
34.260000 -2.93085 -2.0011 0.766985 -0.688888 -0.391401 0.451957 1.22258 2.17725 -3.24914 0.192386 -0.978985 0.0676392 0.981313 0.192182 -0.0095651 -0.00363497 0.0682154 0.997664
34.280000 -2.94441 -2.00868 0.777861 -0.674937 -0.380563 0.523477 1.14192 2.03926 -3.45188 0.261064 -0.959181 0.108705 0.965278 0.258319 -0.0388566 0.00918991 0.115075 0.993314
34.300000 -2.95927 -2.01827 0.786066 -0.713225 -0.522865 0.365524 1.10957 1.62233 -3.16927 0.32443 -0.935466 0.140176 0.945693 0.317599 -0.0692535 0.0202645 0.155031 0.987702
34.320000 -2.97257 -2.03239 0.789216 -0.668725 -0.725203 0.139877 0.872895 0.136008 -2.41508 0.372419 -0.918329 0.134077 0.927234 0.362072 -0.0956076 0.0392537 0.159927 0.986348
34.340000 -2.98733 -2.04793 0.787215 -0.721927 -0.776937 -0.167182 0.127033 0.385714 -1.9219 0.410324 -0.90192 0.134814 0.910894 0.398271 -0.107944 0.0436645 0.167093 0.984974
34.360000 -3.00294 -2.06414 0.779325 -0.812561 -0.826675 -0.421169 -0.580082 0.682845 -1.55053 0.440287 -0.886014 0.145351 0.897365 0.428881 -0.103912 0.0297293 0.176183 0.983908
34.380000 -3.0214 -2.08381 0.772283 -0.92204 -1.00224 -0.199633 -0.326778 -0.224834 -1.54955 0.467958 -0.872376 0.141335 0.883461 0.45769 -0.100083 0.0226227 0.171699 0.98489
34.400000 -3.03916 -2.10427 0.766052 -0.898479 -0.990603 -0.294985 0.407796 0.124845 -1.23056 0.490411 -0.860809 0.136033 0.871005 0.478913 -0.109515 0.0291235 0.172192 0.984633
34.420000 -3.05438 -2.11991 0.76239 -0.69486 -0.705284 -0.051574 0.558085 0.786095 -0.914377 0.506913 -0.850472 0.140485 0.861371 0.49356 -0.120164 0.0328588 0.181922 0.982764
