#C t x y z vx vy vz wx wy wz o11 o12 o13 o21 o22 o23 o31 o32 o33
# Recorded every 1th time step
# [Hexapod_0, HexaPod 0.9][713075680]
#  coxaDamp=               0.000000  
#  coxaJointLimitH=        0.800000  
#  coxaJointLimitV=        0.500000  
#  coxaPower=              3.000000  
#  coxaSpeed=             25.000000  
#  tebiaDamp=              0.010000  
#  tebiaJointLimit=        0.200000  
#  tebiaOffset=            0.000000  
#  tebiaPower=             1.800000  
# ######
# [Diamond, 1.0][1668880037]
# ######
30.020000 -0.307825 -0.655275 0.583112 -0.220053 0.300105 0.259006 1.24464 -0.221337 0.189049 0.998839 0.0394351 0.0276807 -0.0434279 0.985705 0.162786 -0.0208655 -0.163799 0.986273
30.040000 -0.30904 -0.647424 0.588659 -0.0124636 0.423014 0.268587 1.4197 -0.357544 0.10699 0.999078 0.0378668 0.0202543 -0.0402276 0.990324 0.132815 -0.0150291 -0.133507 0.990934
30.060000 -0.304214 -0.637184 0.594448 0.297608 0.524817 0.283917 1.42858 -0.429188 -0.0563541 0.999173 0.0390879 0.0112064 -0.0400221 0.994072 0.101089 -0.00718864 -0.101454 0.994814
30.080000 -0.294076 -0.625666 0.600861 0.535424 0.588053 0.329969 1.60661 -0.526482 -0.0478936 0.999185 0.0403573 0.000436442 -0.0402956 0.996929 0.0671407 0.00227452 -0.0671036 0.997743
30.100000 -0.280011 -0.613653 0.607211 0.707633 0.605418 0.314616 1.74199 -0.449666 -0.0617199 0.999092 0.0414965 -0.00964402 -0.0411866 0.99869 0.0303778 0.010892 -0.029953 0.999492
30.120000 -0.262718 -0.602237 0.612427 0.844734 0.543989 0.251728 1.78412 -0.325066 -0.176063 0.998854 0.0445804 -0.0174277 -0.0447126 0.998973 -0.00727457 0.0170855 0.00804547 0.999822
30.140000 -0.243498 -0.591407 0.615594 0.93384 0.547334 0.138127 1.59313 -0.165394 -0.123822 0.998636 0.0472176 -0.0222736 -0.0480895 0.998026 -0.0403852 0.0203227 0.0414013 0.998936
30.160000 -0.22226 -0.579956 0.616707 1.04356 0.605142 0.0443556 1.44735 -0.124657 0.100817 0.998599 0.0463958 -0.025438 -0.048085 0.996359 -0.0703967 0.0220793 0.0715212 0.997195
30.180000 -0.197221 -0.567906 0.615624 1.25187 0.605685 -0.0693839 1.31706 -0.0950868 0.187133 0.99869 0.0425065 -0.0284924 -0.0451132 0.994149 -0.0981428 0.024154 0.0992996 0.994764
30.200000 -0.168781 -0.556158 0.61247 1.39821 0.591567 -0.174239 1.08899 0.0538579 0.36591 0.998957 0.035535 -0.0286858 -0.0387687 0.991843 -0.121423 0.0241371 0.122408 0.992186
30.220000 -0.140689 -0.545192 0.607174 1.3602 0.523968 -0.297925 0.348284 -0.0180977 0.148171 0.999156 0.0306053 -0.0274044 -0.0339594 0.990704 -0.131728 0.023118 0.132548 0.990907
30.240000 -0.113514 -0.534584 0.600444 1.33466 0.536865 -0.349579 -0.0217409 -0.0778534 -0.0972724 0.999105 0.0311039 -0.0286728 -0.0346417 0.990574 -0.132527 0.0242804 0.133401 0.990765
30.260000 -0.0882284 -0.52379 0.593977 1.20265 0.53804 -0.265194 0.0582764 -0.126736 0.0792865 0.999052 0.0304844 -0.0310781 -0.0343001 0.990824 -0.130733 0.0268077 0.131675 0.99093
30.280000 -0.066335 -0.513068 0.590985 1.04935 0.537706 -0.0716548 0.50203 -0.396899 0.168107 0.998972 0.026417 -0.0368343 -0.031198 0.990226 -0.135937 0.0328833 0.136946 0.990033
30.300000 -0.0465746 -0.503815 0.590204 0.942139 0.44438 -0.0175137 0.517743 -0.524884 0.153154 0.998645 0.021967 -0.0471797 -0.028641 0.988899 -0.145805 0.0434531 0.146958 0.988188
30.320000 -0.0289874 -0.495769 0.590378 0.84178 0.385888 0.0254309 0.585228 -0.601933 0.149788 0.998099 0.017695 -0.0590416 -0.0268129 0.987169 -0.157413 0.0554986 0.158697 0.985766
30.340000 -0.0141744 -0.488886 0.590237 0.677696 0.300855 -0.035458 0.157429 -0.310221 0.101737 0.997643 0.014456 -0.0670753 -0.0252885 0.986206 -0.163582 0.0637853 0.164893 0.984247
30.360000 -0.00223348 -0.483754 0.590094 0.570464 0.234458 0.00901345 -0.24651 -0.273134 0.0913854 0.99731 0.0119278 -0.0723212 -0.0233922 0.986869 -0.159817 0.0694653 0.161079 0.984494
30.380000 0.00690962 -0.480196 0.590493 0.422554 0.15768 0.0242288 -0.786718 -0.209226 0.171326 0.997031 0.00858905 -0.0765221 -0.0197239 0.989092 -0.14597 0.0744336 0.147046 0.986325
30.400000 0.0110688 -0.479516 0.589999 0.136491 -0.00921437 -0.0500181 -1.32271 -0.076845 0.230737 0.996955 0.00352151 -0.0778992 -0.0129595 0.99257 -0.120985 0.0768943 0.121627 0.989593
30.420000 0.00992004 -0.481832 0.590803 -0.0814659 -0.130268 0.0727411 -1.58537 -0.0517604 0.0928987 0.997 0.000871571 -0.0774025 -0.00772492 0.996065 -0.0882865 0.077021 0.0886195 0.993083
30.440000 0.00498796 -0.486356 0.595424 -0.289075 -0.268099 0.25631 -1.84891 -0.172383 -0.107503 0.996753 0.00209874 -0.0804882 -0.00617775 0.998707 -0.0504629 0.0802782 0.0507963 0.995477
30.460000 -0.00382645 -0.49319 0.602405 -0.481204 -0.386529 0.381814 -2.35503 -0.199503 -0.321321 0.996426 0.00844029 -0.0840495 -0.00871342 0.999958 -0.0028833 0.0840216 0.00360535 0.996457
30.480000 -0.0179954 -0.502917 0.609084 -0.753073 -0.532377 0.341564 -2.77009 0.0584148 -0.573891 0.996395 0.0198077 -0.082486 -0.0153331 0.998394 0.0545322 0.0834337 -0.0530709 0.995099
30.500000 -0.0399112 -0.514724 0.616083 -1.1645 -0.631581 0.339008 -3.03585 0.339653 -0.643693 0.996648 0.0325277 -0.0750637 -0.0234983 0.992714 0.118182 0.078361 -0.116022 0.990151
30.520000 -0.0687801 -0.52847 0.621283 -1.44806 -0.713918 0.237689 -2.45374 0.409955 -0.559488 0.996982 0.0431629 -0.064522 -0.0315519 0.984729 0.171213 0.0709267 -0.168661 0.983119
30.540000 -0.103296 -0.543685 0.622103 -1.69122 -0.771148 -0.0374787 -1.5185 0.582122 -0.49065 0.997383 0.0512719 -0.0509823 -0.039637 0.977423 0.207543 0.0604723 -0.204979 0.976897
30.560000 -0.139916 -0.559126 0.6182 -1.7632 -0.770517 -0.228247 -0.816695 0.43823 -0.346134 0.99765 0.0563257 -0.0390018 -0.0460675 0.972889 0.226639 0.05071 -0.22431 0.973198
30.580000 -0.175329 -0.573314 0.610703 -1.70172 -0.670153 -0.411368 0.0050402 0.411294 -0.224572 0.997871 0.0583679 -0.0291039 -0.0501301 0.971842 0.230241 0.0417231 -0.228292 0.972698
30.600000 -0.20775 -0.586238 0.601318 -1.57346 -0.643158 -0.487699 0.198351 0.0400033 -0.132515 0.997868 0.0605068 -0.0244471 -0.0534284 0.972582 0.226338 0.0374718 -0.224549 0.973742
30.620000 -0.236228 -0.599493 0.591101 -1.34945 -0.664351 -0.468688 -0.194825 -0.184751 -0.0762692 0.99766 0.06298 -0.0266225 -0.0553728 0.9726 0.225793 0.0401136 -0.223791 0.973811
30.640000 -0.260712 -0.611852 0.583406 -1.14824 -0.599269 -0.327312 -0.511742 -0.315694 0.0892102 0.997424 0.0634264 -0.0335145 -0.0539566 0.971179 0.232162 0.0472738 -0.229756 0.972099
30.660000 -0.281123 -0.62211 0.581077 -0.958968 -0.50001 -0.0449346 -0.30941 0.525971 0.0944398 0.997782 0.0602593 -0.0282881 -0.0518067 0.969768 0.238466 0.0418027 -0.236472 0.970739
30.680000 -0.298486 -0.631328 0.582164 -0.82918 -0.46165 0.0735547 -0.434342 0.762957 0.214832 0.998455 0.0534656 -0.0151402 -0.0481264 0.968232 0.245379 0.0277786 -0.244271 0.969309
30.700000 -0.311611 -0.637805 0.582797 -0.591009 -0.270732 0.00376813 -0.402943 0.739608 0.190137 0.998998 0.0447415 -0.000753256 -0.0431 0.9666 0.25264 0.0120316 -0.252355 0.96756
30.720000 -0.321253 -0.642378 0.583987 -0.450774 -0.205023 0.0656881 0.208438 0.465731 0.212097 0.999249 0.037757 0.0086764 -0.0387267 0.967395 0.250293 0.00105679 -0.250441 0.968131
30.740000 -0.327622 -0.64502 0.584627 -0.290519 -0.109575 0.0154249 0.488522 0.388373 0.25539 0.999406 0.0308977 0.015286 -0.0336643 0.970223 0.239864 -0.00741957 -0.240236 0.970686
30.760000 -0.330576 -0.645248 0.584043 -0.111515 0.0222841 -0.033181 0.822271 0.328076 0.286979 0.999492 0.0239707 0.020999 -0.0280517 0.974455 0.222825 -0.0151213 -0.223301 0.974632
30.780000 -0.330388 -0.642094 0.583268 0.0381412 0.205148 -0.0421829 1.3583 0.20002 0.526783 0.999612 0.0136106 0.0243044 -0.0181355 0.980246 0.196949 -0.0211437 -0.197314 0.980112
30.800000 -0.3283 -0.63609 0.584324 0.116362 0.333361 0.0834863 1.73044 0.215694 0.323512 0.999611 0.00501381 0.0274408 -0.00937392 0.986885 0.161155 -0.0262729 -0.16135 0.986548
30.820000 -0.32432 -0.62569 0.590766 0.213638 0.569459 0.314566 1.87836 0.0596794 0.0624014 0.999575 0.00194534 0.029097 -0.00553148 0.992307 0.123681 -0.0286326 -0.123789 0.991895
30.840000 -0.318402 -0.611861 0.597044 0.322632 0.714615 0.305662 2.13829 -0.0142458 0.000477119 0.999591 0.00179209 0.0285421 -0.00402047 0.996929 0.0782088 -0.0283143 -0.0782916 0.996528
30.860000 -0.309271 -0.596055 0.602278 0.495692 0.80504 0.245239 2.26895 -0.118471 0.0118237 0.999667 0.0011185 0.025762 -0.00189905 0.999539 0.030294 -0.0257162 -0.0303328 0.999209
30.880000 -0.297081 -0.579182 0.606323 0.589436 0.817217 0.197276 2.33241 -0.168523 0.218151 0.999765 -0.00225901 0.021553 0.00266924 0.999815 -0.0190242 -0.0215061 0.0190772 0.999587
30.900000 -0.280244 -0.561137 0.608967 0.865066 0.924725 0.121349 2.19627 -0.299096 0.15538 0.999868 -0.00550807 0.0153127 0.00649294 0.997862 -0.0650299 -0.0149218 0.0651207 0.997766
30.920000 -0.257868 -0.540925 0.610811 1.07256 1.01804 0.0871154 1.92359 -0.282023 0.188929 0.999923 -0.00935218 0.00817297 0.0101678 0.994289 -0.106237 -0.00713275 0.106312 0.994307
30.940000 -0.230878 -0.519363 0.612033 1.28533 1.07539 0.0642149 1.53172 -0.216389 0.171769 0.999914 -0.0129477 0.00194068 0.0130918 0.990054 -0.140078 -0.000107698 0.140091 0.990139
30.960000 -0.201737 -0.497985 0.612657 1.39077 1.06408 0.0287384 1.14822 -0.0918554 0.192289 0.999862 -0.016568 -0.00140444 0.0161079 0.986107 -0.165331 0.00412414 0.165285 0.986237
30.980000 -0.171793 -0.475966 0.61131 1.43235 1.10521 -0.0886153 0.868968 -0.0574216 0.257425 0.999767 -0.0213939 -0.00299 0.02048 0.982749 -0.183807 0.00687077 0.183703 0.982958
31.000000 -0.143397 -0.453752 0.607783 1.36213 1.11107 -0.2012 0.451506 0.0215944 0.301522 0.999646 -0.0264864 -0.00251756 0.0254934 0.98063 -0.194205 0.00761259 0.194072 0.980958
31.020000 -0.117054 -0.432286 0.601817 1.26079 1.07539 -0.320875 0.0244435 0.16439 0.39051 0.999463 -0.0327435 0.00105973 0.032315 0.980035 -0.19618 0.00538502 0.196109 0.980567
31.040000 -0.0944013 -0.411107 0.59374 1.07235 1.04218 -0.455131 -0.484723 0.327891 0.507422 0.999135 -0.040739 0.00832239 0.041577 0.981385 -0.187495 -0.000529137 0.187678 0.98223
31.060000 -0.0742638 -0.389006 0.57991 0.989573 1.11681 -0.672967 -1.33535 0.369692 0.265131 0.998884 -0.0451443 0.0139066 0.0467635 0.986643 -0.156039 -0.00667654 0.156516 0.987653
31.080000 -0.054831 -0.368011 0.569942 0.956095 1.02306 -0.408636 0.1352 0.429873 0.347976 0.99843 -0.0509944 0.0231695 0.0538741 0.987495 -0.14816 -0.0153245 0.149175 0.988692
31.100000 -0.0345346 -0.351399 0.567149 1.01886 0.790942 -0.0913496 1.40536 -0.107185 -0.00796043 0.998314 -0.0531846 0.0232599 0.0564039 0.983456 -0.172144 -0.0137197 0.173166 0.984797
31.120000 -0.0135016 -0.336558 0.566479 1.02448 0.740738 0.0101316 1.07456 -0.375699 -0.121483 0.998521 -0.0519046 0.0161881 0.0540729 0.979125 -0.195933 -0.00568038 0.196518 0.980484
31.140000 0.00531728 -0.320935 0.569263 0.887904 0.769586 0.16629 0.720694 -0.649247 0.186878 0.998368 -0.0569081 0.0047443 0.0566242 0.975766 -0.211364 0.00739901 0.211288 0.977396
31.160000 0.0206113 -0.3095 0.571235 0.724691 0.444442 -0.0281352 0.347034 -0.402331 0.0233566 0.998053 -0.0620443 -0.00643238 0.05919 0.974553 -0.216201 0.0196828 0.2154 0.976328
31.180000 0.0336079 -0.305301 0.570672 0.552429 0.0608833 0.0255597 -0.971412 -0.300905 0.425632 0.997687 -0.0668934 -0.012106 0.0629705 0.976488 -0.206168 0.0256127 0.204929 0.978442
31.200000 0.0413453 -0.30663 0.573073 0.339162 -0.142636 0.0839387 -1.35809 -0.250214 0.169837 0.997177 -0.0729707 -0.0176965 0.0687295 0.981951 -0.176203 0.0302347 0.17449 0.984195
31.220000 0.0428476 -0.314812 0.575979 -0.055244 -0.490583 0.268054 -1.12841 -0.253638 0.0364021 0.99689 -0.0757263 -0.0217971 0.0716496 0.986194 -0.149289 0.0328012 0.147263 0.988553
31.240000 0.040168 -0.327648 0.581672 -0.14522 -0.677893 0.304782 -1.72403 -0.375307 -0.0647515 0.996683 -0.0762103 -0.0285563 0.0724631 0.99073 -0.114901 0.0370482 0.112451 0.992966
31.260000 0.0362971 -0.342719 0.589025 -0.190275 -0.769026 0.386397 -2.23107 -0.436976 -0.419968 0.996829 -0.0704168 -0.0370587 0.0677462 0.995317 -0.0689597 0.041741 0.0662304 0.996931
31.280000 0.0319423 -0.357334 0.596377 -0.239003 -0.736119 0.356313 -2.50379 -0.200072 -0.506096 0.997212 -0.0615543 -0.0421802 0.0609404 0.998018 -0.0156893 0.0430624 0.0130751 0.998987
31.300000 0.0258901 -0.372889 0.601916 -0.284875 -0.784357 0.256702 -2.4814 0.0156718 -0.554552 0.997825 -0.05091 -0.0418699 0.0524963 0.997909 0.0377006 0.039863 -0.0398166 0.998412
31.320000 0.0163858 -0.389954 0.605166 -0.474583 -0.866816 0.138779 -2.19296 0.228107 -0.571917 0.998546 -0.0394603 -0.0367151 0.0424528 0.995505 0.0846572 0.0332095 -0.0860928 0.995733
31.340000 0.00113401 -0.408996 0.606303 -0.765441 -0.960756 0.0408237 -1.85825 0.36461 -0.541598 0.999196 -0.0289215 -0.0277661 0.0321636 0.991701 0.12448 0.0239355 -0.125272 0.991834
31.360000 -0.0220167 -0.429888 0.606127 -1.17959 -1.04133 -0.0234638 -1.63012 0.486459 -0.493689 0.999676 -0.0201088 -0.0155791 0.0223342 0.987 0.159164 0.0121759 -0.15946 0.987129
31.380000 -0.0537058 -0.451551 0.60476 -1.62272 -1.05962 -0.0838242 -1.18892 0.620058 -0.28406 0.999872 -0.0159431 -0.00142682 0.0159316 0.982585 0.185132 -0.0015496 -0.185131 0.982713
31.400000 -0.0911805 -0.473618 0.602107 -1.86751 -1.10925 -0.154216 -0.828317 0.523514 0.445867 0.999687 -0.0228576 0.0101911 0.0203369 0.979279 0.201493 -0.0145856 -0.201223 0.979437
31.420000 -0.129512 -0.495176 0.598098 -1.85211 -1.04591 -0.196659 -0.66171 0.236642 0.942276 0.999092 -0.0405644 0.0129937 0.0368343 0.975989 0.214683 -0.0213902 -0.21401 0.976597
31.440000 -0.166583 -0.514453 0.59122 -1.83209 -0.904271 -0.409753 -0.443574 -0.242664 1.23185 0.997956 -0.0635792 0.0065036 0.0605219 0.972828 0.223481 -0.0205356 -0.22263 0.974687
31.460000 -0.202168 -0.532502 0.580687 -1.74516 -0.906405 -0.564664 -0.170912 -0.120843 1.45864 0.995933 -0.0900469 -0.00308969 0.0883671 0.969511 0.22856 -0.0175856 -0.227903 0.973525
31.480000 -0.235298 -0.550579 0.567732 -1.62028 -0.896652 -0.650674 -0.461204 -0.43762 1.34955 0.993199 -0.115325 -0.0159723 0.115847 0.965244 0.234271 -0.0116001 -0.234528 0.97204
31.500000 -0.266493 -0.566142 0.559354 -1.50572 -0.675048 -0.273236 -1.29415 -0.0159703 1.01345 0.990356 -0.136167 -0.0255689 0.138174 0.957202 0.254306 -0.0101535 -0.255387 0.966786
31.520000 -0.294447 -0.575181 0.553931 -1.3323 -0.407657 -0.285011 -1.86411 0.188267 0.678327 0.988065 -0.151709 -0.0266653 0.152927 0.94543 0.287708 -0.0184377 -0.288352 0.957347
31.540000 -0.319247 -0.581254 0.547496 -1.17156 -0.24324 -0.366633 -2.08875 0.244855 0.3323 0.986703 -0.16063 -0.0247998 0.159887 0.931857 0.325696 -0.0292066 -0.32533 0.945149
31.560000 -0.33985 -0.586548 0.54319 -0.968274 -0.210221 -0.234112 0.17975 0.0898238 0.195718 0.985928 -0.16557 -0.0230752 0.163705 0.928289 0.333885 -0.033861 -0.332964 0.942331
31.580000 -0.350258 -0.5855 0.543284 -0.34008 0.133005 0.202416 0.282475 0.441796 0.163247 0.985042 -0.171463 -0.0171034 0.167671 0.930887 0.324553 -0.0397274 -0.322566 0.945713
31.600000 -0.352817 -0.579439 0.54698 -0.0895523 0.313448 0.220404 1.28081 0.527321 0.0463826 0.98434 -0.17611 -0.00773462 0.170057 0.93712 0.304775 -0.0464257 -0.301317 0.952393
31.620000 -0.353579 -0.573101 0.551148 -0.0241368 0.316103 0.208899 1.46882 0.533254 -0.111126 0.984177 -0.177149 0.00386 0.169298 0.946547 0.274568 -0.052293 -0.26957 0.96156
31.640000 -0.352485 -0.566869 0.555198 0.0761713 0.32458 0.206774 1.64089 0.509753 -0.244066 0.984277 -0.175909 0.0159715 0.166982 0.956169 0.240537 -0.057584 -0.234088 0.970509
31.660000 -0.349843 -0.559139 0.559741 0.153443 0.402605 0.231605 1.91407 0.463047 -0.3155 0.984726 -0.171892 0.0277179 0.16299 0.966052 0.200442 -0.0612313 -0.192863 0.979313
31.680000 -0.345862 -0.549555 0.565284 0.210702 0.502236 0.27894 2.18542 0.350753 -0.421511 0.98552 -0.16546 0.0370707 0.1579 0.975216 0.154987 -0.0617961 -0.14689 0.987221
31.700000 -0.341648 -0.537414 0.571381 0.17715 0.652342 0.309258 2.55755 0.288293 -0.340908 0.986426 -0.158252 0.0438089 0.153183 0.98296 0.101613 -0.0591428 -0.0935231 0.993859
31.720000 -0.337197 -0.523305 0.578486 0.243925 0.740018 0.355614 2.5008 0.175983 -0.289742 0.987104 -0.152761 0.0478561 0.150519 0.98747 0.0474065 -0.0544983 -0.0395918 0.997729
31.740000 -0.32974 -0.506197 0.584456 0.380489 0.882052 0.266196 2.78245 0.0456717 -0.0908976 0.987395 -0.150407 0.0492758 0.151088 0.988466 -0.0103918 -0.0471445 0.0177058 0.998731
31.760000 -0.317547 -0.487213 0.587863 0.620116 0.956988 0.138731 2.82747 -0.189521 0.131422 0.987311 -0.15194 0.0461656 0.154887 0.985526 -0.0689092 -0.0350274 0.0751852 0.996554
31.780000 -0.296031 -0.464802 0.589566 1.11543 1.13805 0.0821377 2.60172 -0.414777 0.322959 0.986698 -0.158127 0.0377244 0.16162 0.979164 -0.122947 -0.0174973 0.127408 0.991696
31.800000 -0.26447 -0.439825 0.591141 1.60909 1.25635 0.0787504 2.08602 -0.437198 0.511949 0.985451 -0.167418 0.029272 0.169957 0.971112 -0.167499 -0.000384072 0.170038 0.985438
31.820000 -0.227391 -0.414563 0.592257 1.79081 1.2594 0.06658 1.40931 -0.174482 0.727124 0.983184 -0.180946 0.0246469 0.182223 0.96323 -0.197439 0.0119852 0.19861 0.980005
31.840000 -0.191008 -0.390744 0.592355 1.79843 1.17467 -0.0442682 0.921422 0.020243 0.786393 0.980335 -0.195592 0.0262264 0.196578 0.956189 -0.216933 0.0173531 0.217823 0.975834
31.860000 -0.155983 -0.367099 0.589068 1.71435 1.18236 -0.204992 0.554212 -0.00673112 1.00035 0.976524 -0.213264 0.0303151 0.214484 0.94964 -0.22843 0.0199275 0.229569 0.973088
31.880000 -0.123927 -0.343755 0.582186 1.54625 1.15299 -0.398809 0.388328 0.156635 0.993584 0.972074 -0.231815 0.0365193 0.233814 0.943404 -0.235201 0.0200707 0.237172 0.97126
31.900000 -0.0962351 -0.320629 0.572657 1.33279 1.16509 -0.506582 -0.0903676 0.214974 1.00036 0.96723 -0.249981 0.0444523 0.25335 0.938678 -0.233876 0.0167381 0.237473 0.97125
31.920000 -0.0732841 -0.298122 0.558405 1.09333 1.12543 -0.818632 -0.853022 0.190329 1.03302 0.961826 -0.268407 0.0533681 0.273515 0.936469 -0.219582 0.00895977 0.225796 0.974133
31.940000 -0.0537554 -0.276343 0.539414 0.909438 1.01138 -0.963218 -0.667548 0.689509 1.00784 0.956111 -0.285176 0.0672771 0.292943 0.935067 -0.199583 -0.00599233 0.210532 0.977569
31.960000 -0.0362052 -0.259913 0.523396 0.864915 0.69375 -0.625824 0.965059 0.336409 0.802933 0.950583 -0.299531 0.0816944 0.310121 0.928558 -0.203973 -0.0147617 0.219228 0.975562
31.980000 -0.0242138 -0.249265 0.521927 0.424902 0.357952 0.0760685 2.0766 -0.161172 0.814832 0.945592 -0.315346 0.0800752 0.32535 0.917728 -0.227865 -0.00163071 0.24152 0.970394
32.000000 -0.0180275 -0.24435 0.526638 0.288998 0.202518 0.247031 -0.606867 -1.19648 0.382275 0.941676 -0.33078 0.0618958 0.336038 0.91442 -0.225644 0.01804 0.233283 0.972242
32.020000 -0.0149086 -0.247097 0.529441 0.118706 -0.2279 0.115423 -1.74848 -1.16493 -0.113437 0.940952 -0.336406 0.0379481 0.337214 0.921454 -0.192897 0.0299244 0.194304 0.980485
32.040000 -0.0143482 -0.254907 0.53372 0.0055791 -0.43637 0.231801 -2.12229 -1.07768 -0.336937 0.942269 -0.334531 0.0147762 0.332778 0.930593 -0.152496 0.037264 0.148609 0.988194
32.060000 -0.0161159 -0.267094 0.541274 -0.102982 -0.65552 0.418454 -2.64124 -1.28513 -0.609887 0.944812 -0.327384 -0.0122439 0.324613 0.940553 -0.0999305 0.0442317 0.090441 0.994919
32.080000 -0.0202156 -0.282667 0.551866 -0.239365 -0.824253 0.544372 -2.9855 -1.18562 -0.789953 0.948587 -0.314158 -0.0385736 0.312821 0.949092 -0.0369882 0.04823 0.0230198 0.998571
32.100000 -0.0264069 -0.301159 0.562836 -0.307839 -0.968009 0.532312 -3.06546 -0.944414 -0.949914 0.953476 -0.295648 -0.0589483 0.297624 0.954273 0.0279689 0.0479838 -0.0442121 0.997869
32.120000 -0.0349314 -0.322593 0.571714 -0.402556 -1.08288 0.416256 -2.7526 -0.555305 -0.847072 0.957867 -0.278414 -0.0705477 0.283963 0.954861 0.0872044 0.0430844 -0.103563 0.993689
32.140000 -0.048773 -0.346479 0.577474 -0.689547 -1.19036 0.249544 -2.42271 -0.181975 -0.604638 0.961376 -0.265177 -0.0737382 0.273231 0.951774 0.13954 0.0331794 -0.154298 0.987467
32.160000 -0.0683056 -0.370759 0.580255 -0.999027 -1.21009 0.102614 -2.0836 0.0236406 -0.382116 0.963632 -0.25725 -0.0723618 0.266382 0.946274 0.18332 0.021315 -0.195929 0.980386
32.180000 -0.0931796 -0.395762 0.580152 -1.27307 -1.2448 -0.038808 -1.75393 0.152555 -0.157035 0.964767 -0.253973 -0.0687154 0.262959 0.939444 0.219766 0.00873974 -0.230092 0.97313
32.200000 -0.122521 -0.42092 0.576928 -1.4657 -1.24593 -0.204907 -1.30603 0.284229 0.597326 0.962862 -0.262079 -0.0648896 0.269959 0.930739 0.246671 -0.00425206 -0.255028 0.966924
32.220000 -0.152579 -0.44402 0.569853 -1.45061 -1.08978 -0.462437 -1.06245 0.0974315 1.14476 0.957149 -0.28194 -0.0661505 0.289271 0.919962 0.264561 -0.0137346 -0.27236 0.962097
32.240000 -0.180118 -0.463889 0.556454 -1.33274 -0.961877 -0.710856 -1.18554 -0.0364852 1.38585 0.948801 -0.307361 -0.0728458 0.315152 0.905515 0.284117 -0.0213636 -0.292528 0.956018
32.260000 -0.205511 -0.48324 0.540532 -1.23827 -0.945063 -0.857761 0.0924336 0.305077 1.01033 0.940945 -0.329803 -0.076499 0.337506 0.895947 0.288737 -0.0266875 -0.297505 0.954347
32.280000 -0.22821 -0.497488 0.530607 -1.08562 -0.625626 -0.383802 -0.800657 0.0332719 0.763455 0.935283 -0.345098 -0.0784419 0.35245 0.888234 0.29465 -0.0320082 -0.303228 0.95238
32.300000 -0.247292 -0.502571 0.525942 -0.816931 -0.0815429 -0.0553012 -0.904413 0.140545 0.506419 0.931473 -0.355001 -0.0795748 0.361651 0.87973 0.308681 -0.0395774 -0.316306 0.947831
32.320000 -0.261526 -0.500841 0.525211 -0.660689 0.13813 -0.0280743 1.028 0.970854 0.273538 0.928619 -0.365338 -0.0647688 0.367714 0.88288 0.292076 -0.0495233 -0.295044 0.954199
32.340000 -0.272447 -0.497891 0.525652 -0.51487 0.14516 0.0321671 1.02057 1.01418 -0.0312801 0.927104 -0.372082 -0.0450891 0.369791 0.888451 0.271863 -0.061096 -0.268719 0.961279
32.360000 -0.280626 -0.494026 0.528058 -0.383589 0.197253 0.11667 1.08113 0.917419 -0.0511588 0.926062 -0.376436 -0.0265474 0.370644 0.89408 0.251484 -0.0709322 -0.24273 0.967497
32.380000 -0.285904 -0.489492 0.530167 -0.242786 0.23656 0.0945356 1.68767 1.01138 -0.209918 0.925853 -0.37785 -0.00496814 0.369714 0.903042 0.218694 -0.0781472 -0.204316 0.975781
32.400000 -0.288734 -0.483993 0.533977 -0.110693 0.296604 0.19837 1.75088 1.10314 -0.369962 0.926407 -0.376014 0.0195662 0.366456 0.912357 0.182523 -0.0864825 -0.16192 0.983007
32.420000 -0.289611 -0.476814 0.539284 -0.0338352 0.388122 0.264044 2.02876 1.02543 -0.388123 0.92752 -0.371365 0.0423746 0.362569 0.921464 0.139454 -0.0908351 -0.113983 0.989321
32.440000 -0.289057 -0.467356 0.545829 0.0371158 0.508618 0.328582 2.25762 0.794804 -0.480656 0.929353 -0.364127 0.0609489 0.358021 0.929169 0.0920145 -0.0901368 -0.063693 0.993891
32.460000 -0.287824 -0.455216 0.5526 0.0696041 0.642355 0.338302 2.46824 0.647516 -0.659623 0.932582 -0.352785 0.0763732 0.350649 0.935643 0.0402187 -0.0856466 -0.010727 0.996268
32.480000 -0.285467 -0.439781 0.559592 0.102627 0.789342 0.342709 2.54663 0.460578 -0.579747 0.935881 -0.341456 0.086802 0.343856 0.938919 -0.01392 -0.076747 0.0428749 0.996128
32.500000 -0.281736 -0.421128 0.565884 0.185853 0.947209 0.302655 2.42181 0.253779 -0.45156 0.938259 -0.333407 0.0922449 0.339837 0.93819 -0.0656588 -0.0646521 0.0929532 0.993569
32.520000 -0.272083 -0.399024 0.570812 0.491322 1.11265 0.237585 2.14902 -0.0149992 -0.587311 0.941984 -0.323066 0.0910787 0.332056 0.936563 -0.112202 -0.0490522 0.135936 0.989503
32.540000 -0.257049 -0.373832 0.574942 0.734222 1.25624 0.198796 1.81522 -0.0685969 -0.530062 0.945608 -0.313261 0.0877123 0.323487 0.933981 -0.151772 -0.0343774 0.17189 0.984516
32.560000 -0.237777 -0.346923 0.57769 0.945333 1.32988 0.121629 1.38798 -0.207139 -0.399334 0.948481 -0.306213 0.0813468 0.316201 0.931071 -0.181998 -0.0200094 0.198344 0.979928
32.580000 -0.215114 -0.320668 0.578563 1.1304 1.26947 0.021165 0.833302 -0.554864 -0.303144 0.95058 -0.302561 0.0696688 0.310455 0.929069 -0.201117 -0.00387701 0.212806 0.977087
32.600000 -0.192463 -0.297249 0.578715 1.11523 1.12758 -0.0147911 0.729895 -0.00803004 0.181271 0.949992 -0.304902 0.0674486 0.312258 0.925423 -0.214677 0.00303695 0.225003 0.974353
32.620000 -0.169481 -0.277577 0.577628 1.12473 0.919288 -0.0506872 0.64467 0.2072 0.325714 0.947935 -0.31038 0.0712997 0.318429 0.920482 -0.22653 0.00468025 0.23744 0.971391
32.640000 -0.146778 -0.262651 0.575363 1.11976 0.700186 -0.123593 0.481624 0.209967 0.0335597 0.947144 -0.311618 0.0762363 0.320787 0.917218 -0.236234 0.00368964 0.248203 0.968701
32.660000 -0.123903 -0.250592 0.572144 1.15078 0.57889 -0.185229 0.426465 -0.0966115 -0.141069 0.947645 -0.310527 0.0744514 0.319238 0.915772 -0.24382 0.00753206 0.254823 0.966959
32.680000 -0.0990859 -0.239696 0.567585 1.2629 0.541761 -0.233235 0.184209 -0.362388 -0.553589 0.950292 -0.304166 0.0665528 0.31101 0.917136 -0.249267 0.0147803 0.257575 0.966145
32.700000 -0.0745054 -0.228611 0.561967 1.15809 0.500183 -0.319603 -0.176372 -0.589012 -0.43443 0.953348 -0.297414 0.0517017 0.300846 0.921935 -0.243984 0.0248986 0.248156 0.9684
32.720000 -0.055349 -0.218561 0.559692 0.907231 0.498882 -0.0540458 -0.729826 -1.02462 0.0180777 0.953147 -0.300725 0.0327937 0.300118 0.926448 -0.227209 0.0379456 0.226405 0.973294
32.740000 -0.0404966 -0.213439 0.560681 0.667171 0.0582187 0.035685 -0.740722 -0.669709 0.638133 0.949593 -0.313094 0.0156822 0.309361 0.927834 -0.208374 0.0506901 0.202722 0.977924
32.760000 -0.0293505 -0.216695 0.562654 0.489883 -0.276564 0.150916 -1.31346 -0.319359 0.243711 0.947385 -0.319997 0.00793948 0.316091 0.931334 -0.180842 0.0504744 0.173836 0.98348
32.780000 -0.0213253 -0.225441 0.566423 0.39437 -0.467137 0.207421 -2.16342 -0.651495 -0.161767 0.947344 -0.320192 -0.00410075 0.316539 0.938317 -0.139155 0.0484041 0.130529 0.990262
32.800000 -0.014291 -0.23762 0.573719 0.353305 -0.649415 0.401097 -2.31625 -1.05769 -0.435421 0.948648 -0.315365 -0.0247157 0.312078 0.945801 -0.0898225 0.051703 0.0774967 0.995651
32.820000 -0.00885853 -0.251877 0.583408 0.260796 -0.711748 0.496591 -2.22216 -0.797682 -0.318224 0.949688 -0.310192 -0.0432877 0.308543 0.950334 -0.0408217 0.0538003 0.0254118 0.998228
32.840000 -0.00686928 -0.268524 0.592161 0.0766347 -0.865202 0.404116 -2.3258 -0.511526 -0.330309 0.95109 -0.304033 -0.0546994 0.304882 0.952359 0.00770507 0.0497508 -0.024005 0.998473
32.860000 -0.00753565 -0.286495 0.597841 -0.0452875 -0.925737 0.251183 -2.30759 -0.280804 -0.2903 0.952368 -0.298764 -0.0611096 0.302131 0.951611 0.0561625 0.0413732 -0.0719505 0.99655
32.880000 -0.0112921 -0.308077 0.600962 -0.179452 -1.12258 0.138406 -2.20277 -0.108343 -0.365103 0.954303 -0.292095 -0.0631306 0.297312 0.949329 0.101879 0.0301734 -0.115993 0.992792
32.900000 -0.0203618 -0.333677 0.602257 -0.465578 -1.29898 0.0531305 -1.94589 0.077554 -0.575533 0.957297 -0.282563 -0.0611581 0.288591 0.946587 0.143833 0.0172495 -0.155341 0.98771
32.920000 -0.0383581 -0.36378 0.602815 -0.931737 -1.52399 0.014708 -1.82088 0.306685 -0.572223 0.960755 -0.272268 -0.053107 0.277399 0.943338 0.18211 0.000515207 -0.189695 0.981843
32.940000 -0.0632976 -0.397618 0.602308 -1.23481 -1.70563 -0.0516376 -1.34447 0.670298 0.00488515 0.961898 -0.270696 -0.038416 0.272604 0.938792 0.210612 -0.020947 -0.21306 0.976815
32.960000 -0.090959 -0.432261 0.600977 -1.3505 -1.6912 -0.0307695 -1.09212 0.862964 0.741068 0.958443 -0.284252 -0.0242489 0.281997 0.931107 0.231338 -0.0431798 -0.228562 0.972571
32.980000 -0.120588 -0.46424 0.59709 -1.48395 -1.4998 -0.293668 -0.502179 0.373893 1.3385 0.950656 -0.309691 -0.0185824 0.304675 0.920603 0.244258 -0.0585376 -0.237867 0.969532
33.000000 -0.148375 -0.491424 0.588228 -1.33752 -1.34023 -0.454089 -0.233002 -0.157721 1.5578 0.940818 -0.337945 -0.0255814 0.33327 0.908801 0.25102 -0.0615825 -0.244689 0.967644
33.020000 -0.172207 -0.518419 0.578226 -1.11746 -1.34906 -0.534395 0.665819 0.0232137 1.37467 0.930992 -0.36354 -0.0330625 0.360375 0.900884 0.241944 -0.0581707 -0.237163 0.969727
33.040000 -0.191463 -0.544441 0.565972 -0.910728 -1.23457 -0.701881 0.950307 -0.0955359 1.23287 0.921483 -0.386574 -0.037808 0.385074 0.896462 0.21926 -0.0508668 -0.216603 0.974934
33.060000 -0.20779 -0.567745 0.553068 -0.795098 -1.12355 -0.684266 0.116499 -0.72857 1.1457 0.912511 -0.405658 -0.0525745 0.407196 0.888609 0.211105 -0.0389184 -0.214044 0.976048
33.080000 -0.221182 -0.589328 0.53883 -0.64533 -1.04279 -0.807496 0.737774 -0.732978 1.0278 0.904169 -0.4216 -0.0687848 0.426615 0.882963 0.195898 -0.0218564 -0.20647 0.978209
33.100000 -0.233657 -0.607266 0.525983 -0.592638 -0.796725 -0.583085 0.115238 -0.535924 1.08152 0.895359 -0.437181 -0.0848847 0.445271 0.875328 0.188505 -0.0081088 -0.206576 0.978397
33.120000 -0.244134 -0.617799 0.520878 -0.59448 -0.421359 -0.41255 0.229138 -0.821494 0.672617 0.886457 -0.451082 -0.103532 0.462766 0.867016 0.184742 0.00643002 -0.211677 0.977318
33.140000 -0.255631 -0.619275 0.52046 -0.614966 -0.0441372 0.0347719 0.737452 0.000191337 0.347735 0.881708 -0.458302 -0.112027 0.471446 0.864992 0.171832 0.0181509 -0.204321 0.978736
33.160000 -0.266079 -0.61661 0.524028 -0.495207 0.168006 0.208468 1.52963 0.671083 0.201915 0.879664 -0.464655 -0.101427 0.475073 0.868479 0.1416 0.0222925 -0.172745 0.984714
33.180000 -0.274632 -0.611292 0.52966 -0.409794 0.301745 0.303705 1.92943 1.13367 0.0923173 0.87893 -0.470022 -0.0809968 0.476424 0.873182 0.10283 0.0223927 -0.128969 0.991396
33.200000 -0.282193 -0.603135 0.537162 -0.370263 0.432544 0.380067 2.2179 1.50672 -0.0333537 0.879331 -0.47336 -0.0520237 0.475845 0.877677 0.057052 0.0186538 -0.0749228 0.997015
33.220000 -0.286339 -0.591266 0.546107 -0.158569 0.617908 0.43517 2.41236 1.54146 -0.266646 0.88142 -0.471922 -0.019731 0.472118 0.881511 0.00658481 0.0142856 -0.0151194 0.999784
33.240000 -0.284317 -0.575291 0.555084 0.127819 0.799873 0.42205 2.33562 1.18911 -0.344728 0.88451 -0.466467 0.00706323 0.466302 0.88353 -0.0440135 0.0142903 0.042224 0.999006
33.260000 -0.274986 -0.554873 0.563425 0.482799 1.03097 0.410059 2.29179 0.885121 -0.522902 0.889102 -0.456997 0.0255153 0.45729 0.884524 -0.0922136 0.0195725 0.0936552 0.995412
33.280000 -0.258408 -0.529948 0.571424 0.809948 1.25797 0.395433 2.17737 0.595141 -0.517015 0.89452 -0.445512 0.0367875 0.446097 0.88432 -0.137751 0.0288376 0.139632 0.989784
33.300000 -0.235365 -0.50133 0.5796 1.12563 1.40984 0.415233 1.87524 0.282927 -0.317964 0.898403 -0.437187 0.0417011 0.43725 0.881558 -0.177956 0.041038 0.17811 0.983155
33.320000 -0.207774 -0.471008 0.587419 1.32342 1.46494 0.381018 1.58433 -0.0542785 -0.123244 0.900335 -0.433347 0.0400941 0.431498 0.876897 -0.211803 0.0566255 0.207994 0.97649
33.340000 -0.180138 -0.442585 0.594521 1.32211 1.38573 0.307404 1.22432 -0.352409 0.138522 0.899548 -0.435514 0.0337765 0.430389 0.870426 -0.239004 0.0746896 0.229533 0.970431
33.360000 -0.153674 -0.415966 0.597569 1.27851 1.28525 0.0824893 1.2976 0.158034 0.349176 0.896945 -0.440664 0.0361131 0.433881 0.861532 -0.263649 0.0850681 0.252148 0.963942
33.380000 -0.129371 -0.393464 0.591925 1.18676 1.11622 -0.310971 1.68809 0.405276 0.651446 0.892151 -0.449464 0.0452604 0.441682 0.84688 -0.296161 0.0947836 0.284211 0.954065
33.400000 -0.109315 -0.371041 0.586557 0.942721 1.12958 -0.23721 0.881701 0.532782 0.479735 0.888455 -0.455191 0.0587216 0.448988 0.835472 -0.316853 0.0951682 0.307875 0.946655
33.420000 -0.0926596 -0.347764 0.582192 0.808144 1.17288 -0.244783 0.0866979 0.481908 0.442386 0.885234 -0.459911 0.0695942 0.456462 0.830151 -0.320144 0.0894641 0.315169 0.944809
33.440000 -0.0785469 -0.325547 0.573427 0.693172 1.09504 -0.464385 -0.474853 0.342134 0.51911 0.881008 -0.466689 0.0776365 0.466061 0.827924 -0.311976 0.0813187 0.311037 0.946913
33.460000 -0.0681483 -0.307371 0.556522 0.469652 0.841481 -0.942775 -1.19859 -0.292592 0.513717 0.875748 -0.477162 0.0733663 0.476878 0.831343 -0.285406 0.0751924 0.28493 0.955594
33.480000 -0.0622772 -0.290109 0.543449 0.253162 0.844197 -0.55942 -2.06402 -0.48515 0.510498 0.870283 -0.488559 0.0625981 0.48835 0.839294 -0.238954 0.0642051 0.238528 0.969011
33.500000 -0.0569232 -0.275819 0.534336 0.304728 0.629162 -0.356536 -1.63731 -0.367306 0.228663 0.867112 -0.495283 0.0530269 0.495118 0.845344 -0.200628 0.0545419 0.200222 0.978231
33.520000 -0.0536799 -0.274591 0.532103 0.142954 -0.0816242 -0.0758879 -2.11957 -0.0106485 0.48936 0.862153 -0.503733 0.0542724 0.505501 0.848048 -0.159006 0.0340707 0.164522 0.985785
33.540000 -0.0501102 -0.279231 0.535839 0.194172 -0.327629 0.242175 -2.33077 -0.905512 0.0468288 0.860697 -0.507687 0.0381345 0.508566 0.853865 -0.110794 0.023687 0.114754 0.993112
33.560000 -0.0467726 -0.288116 0.543286 0.138409 -0.528328 0.376729 -2.63332 -1.39086 -0.337631 0.863509 -0.504215 0.010955 0.503932 0.86175 -0.0586429 0.0201282 0.0561593 0.998219
33.580000 -0.0464784 -0.303903 0.552552 0.000823514 -0.854534 0.480116 -2.72372 -1.69557 -0.224728 0.865518 -0.500323 -0.0235771 0.500454 0.865763 -0.000364889 0.0205947 -0.0114834 0.999722
33.600000 -0.0480275 -0.323198 0.561675 -0.0837286 -0.958184 0.435977 -2.56559 -1.48056 -0.475676 0.868795 -0.49207 -0.0553408 0.494735 0.867287 0.0552373 0.0208158 -0.0753689 0.996938
33.620000 -0.0516057 -0.341644 0.568557 -0.193718 -0.874346 0.310587 -2.16669 -1.13443 -0.47551 0.874391 -0.47871 -0.0792304 0.484825 0.868556 0.10274 0.0196333 -0.128248 0.991548
33.640000 -0.0597504 -0.361534 0.57203 -0.389418 -0.938708 0.125112 -1.94108 -0.671459 -0.389928 0.878566 -0.468373 -0.0935325 0.477436 0.866664 0.144736 0.0132707 -0.171816 0.98504
33.660000 -0.0726527 -0.382515 0.572095 -0.628957 -0.975754 -0.0962413 -1.75047 -0.135897 -0.345989 0.882067 -0.460799 -0.0980879 0.471121 0.863345 0.180777 0.00138193 -0.205669 0.978621
33.680000 -0.0909735 -0.404871 0.570276 -0.916579 -1.09279 -0.0893276 -1.14981 -0.0164843 -0.366156 0.885691 -0.454439 -0.0950561 0.464109 0.861165 0.207358 -0.0123726 -0.227772 0.973636
33.700000 -0.110542 -0.425163 0.566814 -0.963237 -0.981195 -0.131214 -0.874107 -0.0515499 -0.0639169 0.886658 -0.452978 -0.0929976 0.461823 0.857148 0.22807 -0.0235981 -0.245169 0.969193
33.720000 -0.130229 -0.442764 0.563415 -0.973608 -0.857015 -0.133102 -0.80543 -0.0467401 0.0464471 0.886378 -0.453838 -0.0914557 0.461737 0.852256 0.245885 -0.0336482 -0.260175 0.964975
33.740000 -0.151961 -0.460091 0.564091 -1.07904 -0.840067 0.0864196 -0.375444 0.0414737 0.0408808 0.885825 -0.455125 -0.0904165 0.462328 0.849062 0.255629 -0.0395739 -0.268245 0.962538
33.760000 -0.172653 -0.474828 0.566435 -0.972226 -0.679837 0.0823279 0.425426 0.744861 -0.0555076 0.885715 -0.457195 -0.0805138 0.46182 0.850112 0.253045 -0.047245 -0.261308 0.964098
33.780000 -0.192591 -0.487687 0.568168 -1.00555 -0.626807 0.0924579 0.649505 0.651796 -0.119363 0.885796 -0.459343 -0.0661059 0.460969 0.854439 0.239672 -0.053608 -0.242773 0.968601
33.800000 -0.212695 -0.500558 0.569262 -1.01661 -0.661933 0.0415283 0.746083 0.821932 -0.800344 0.890466 -0.452556 -0.0475684 0.450997 0.863783 0.224679 -0.0605913 -0.221523 0.973271
33.820000 -0.23166 -0.513406 0.568485 -0.946602 -0.600715 -0.0537737 0.869677 0.871768 -0.543232 0.895684 -0.443923 -0.0261402 0.439289 0.874137 0.207147 -0.0691073 -0.197021 0.97796
33.840000 -0.249173 -0.523879 0.568361 -0.834292 -0.476824 -0.0146235 1.00426 0.78589 -0.255507 0.897547 -0.440836 -0.0085024 0.434594 0.881254 0.185795 -0.0744124 -0.170455 0.982552
33.860000 -0.26448 -0.531771 0.568693 -0.746989 -0.374939 0.00939424 1.37524 0.824881 0.183183 0.89555 -0.44488 0.00847009 0.438194 0.885078 0.156916 -0.0773057 -0.136815 0.987576
33.880000 -0.275559 -0.533494 0.569815 -0.51203 -0.0177765 0.0612177 1.68283 0.760483 0.384558 0.890907 -0.453533 0.0243229 0.447665 0.885899 0.121569 -0.0766833 -0.0974184 0.992285
33.900000 -0.284593 -0.531589 0.575963 -0.452792 0.162395 0.354844 1.89259 0.282199 0.0567709 0.889638 -0.455508 0.0325048 0.451892 0.88837 0.0811924 -0.0658601 -0.0575432 0.996168
33.920000 -0.294308 -0.52572 0.582407 -0.48903 0.355148 0.303704 2.30152 0.437094 0.0462475 0.888987 -0.456037 0.0416265 0.454853 0.889877 0.0350469 -0.0530251 -0.0122223 0.998518
33.940000 -0.303804 -0.517112 0.587428 -0.479178 0.460217 0.231955 2.2399 0.483378 0.0782196 0.88793 -0.457075 0.0515993 0.458207 0.888763 -0.0121069 -0.0403257 0.0343933 0.998594
33.960000 -0.314041 -0.506296 0.590683 -0.548207 0.58912 0.148114 2.12511 0.547961 0.205275 0.886232 -0.459012 0.0624521 0.462305 0.884933 -0.0562828 -0.0294314 0.0787516 0.99646
33.980000 -0.322682 -0.491608 0.592534 -0.406231 0.757417 0.0746895 1.88877 0.484944 0.14277 0.884263 -0.461243 0.0730344 0.466573 0.879203 -0.096496 -0.019704 0.119404 0.99265
34.000000 -0.326186 -0.471786 0.593504 -0.0991308 1.03885 0.0449251 1.68846 0.328774 -0.0246143 0.883361 -0.46174 0.080431 0.468598 0.873521 -0.131821 -0.00939102 0.154136 0.988005
34.020000 -0.322135 -0.445912 0.594753 0.26775 1.33789 0.0630774 1.46273 0.257043 -0.30586 0.885308 -0.457303 0.0842851 0.465005 0.870311 -0.162265 0.000850084 0.182847 0.983141
34.040000 -0.310743 -0.413731 0.596464 0.553849 1.63735 0.0747311 1.3655 0.275125 -0.4026 0.889147 -0.449396 0.0863778 0.457499 0.868557 -0.190533 0.0106008 0.20893 0.977873
34.060000 -0.293644 -0.376855 0.601176 0.852643 1.87463 0.189748 1.36939 -0.842856 -0.093616 0.891326 -0.447383 0.0733899 0.451914 0.863832 -0.22264 0.0362088 0.231611 0.972134
34.080000 -0.272985 -0.33748 0.603952 1.038 1.95881 0.103646 0.765181 -1.2638 0.695664 0.885729 -0.461727 0.0478705 0.459053 0.855917 -0.238068 0.0689492 0.232839 0.970068
34.100000 -0.249035 -0.299316 0.5993 1.23242 1.82303 -0.385598 -0.443474 -0.869115 1.31361 0.872569 -0.487757 0.0267778 0.480301 0.846653 -0.229106 0.0890764 0.212772 0.973033
34.120000 -0.225747 -0.265252 0.592812 1.09289 1.64009 -0.321844 -0.746131 -0.921456 1.36912 0.856879 -0.51532 0.0142644 0.506045 0.835533 -0.214017 0.0983691 0.190605 0.976726
34.140000 -0.206293 -0.234473 0.588054 0.923053 1.47457 -0.285275 -0.467163 -0.389546 1.24224 0.842689 -0.538346 0.00769078 0.528759 0.824822 -0.200204 0.101436 0.172777 0.979724
34.160000 -0.18856 -0.206451 0.583642 0.872069 1.37524 -0.210828 -0.656501 -0.192326 1.13088 0.829672 -0.558222 0.00563986 0.549429 0.814731 -0.185311 0.09885 0.156846 0.982664
34.180000 -0.173788 -0.182593 0.579715 0.711014 1.12639 -0.221303 -1.4602 -0.265055 0.958641 0.817191 -0.576367 0.000782325 0.569345 0.807022 -0.15672 0.089697 0.128516 0.987643
34.200000 -0.162322 -0.172479 0.578797 0.667983 0.464872 0.046184 -2.20907 -0.590462 0.581483 0.807326 -0.590092 -0.00400826 0.585765 0.802191 -0.115625 0.071445 0.0909995 0.993285
34.220000 -0.146591 -0.16803 0.583222 0.749469 0.0348923 0.309676 -2.14419 -0.538025 0.397924 0.802228 -0.59674 -0.0182101 0.594362 0.801162 -0.0698081 0.0562465 0.0451786 0.997394
34.240000 -0.130828 -0.170552 0.590393 0.786836 -0.136931 0.34668 -1.91698 -1.08493 -0.114339 0.801272 -0.597035 -0.0388892 0.596394 0.802214 -0.0276852 0.0477265 -0.00100987 0.99886
34.260000 -0.11494 -0.1744 0.595868 0.788514 -0.202335 0.251086 -1.48236 -0.857146 -0.376954 0.804815 -0.590722 -0.0576171 0.591971 0.805937 0.00593312 0.0429309 -0.0388827 0.998321
34.280000 -0.0993464 -0.181023 0.59917 0.775182 -0.380372 0.135535 -1.402 -0.782444 -0.252677 0.807699 -0.58495 -0.0738621 0.588342 0.807796 0.0363235 0.038418 -0.0727947 0.996607
34.300000 -0.0849284 -0.191536 0.599982 0.698033 -0.58605 0.0164292 -1.43648 -0.674027 -0.0730026 0.808621 -0.581716 -0.0879663 0.587424 0.806593 0.0658853 0.0326265 -0.10495 0.993942
34.320000 -0.0734086 -0.206522 0.599418 0.540076 -0.776935 -0.033534 -1.39198 -0.534446 -0.290133 0.810468 -0.577329 -0.0991629 0.585256 0.805234 0.0952605 0.0248527 -0.135241 0.990501
34.340000 -0.0668558 -0.226607 0.598615 0.260893 -1.04169 -0.0350233 -1.31576 -0.323857 -0.569039 0.815243 -0.569432 -0.105476 0.57893 0.805995 0.123336 0.014782 -0.161612 0.986744
34.360000 -0.0687519 -0.252269 0.598507 -0.198456 -1.32461 0.00770881 -1.21171 0.0853844 -0.877737 0.822725 -0.558824 -0.104111 0.568439 0.808899 0.150194 0.00028344 -0.18275 0.983159
