#C t x y z vx vy vz wx wy wz o11 o12 o13 o21 o22 o23 o31 o32 o33
# Recorded every 1th time step
# [Hexapod_0, HexaPod 0.9][957012141]
#  coxaDamp=               0.000000  
#  coxaJointLimitH=        0.800000  
#  coxaJointLimitV=        0.500000  
#  coxaPower=              3.000000  
#  coxaSpeed=             25.000000  
#  tebiaDamp=              0.010000  
#  tebiaJointLimit=        0.200000  
#  tebiaOffset=            0.000000  
#  tebiaPower=             1.800000  
# ######
# [Diamond, 1.0][695011225]
# ######
30.020000 -0.452191 0.17945 0.585688 -0.17863 -0.587553 -0.334023 0.00664106 -1.12725 0.755186 0.931049 -0.363756 -0.0287895 0.364639 0.924553 0.110638 -0.0136277 -0.113507 0.993444
30.040000 -0.450444 0.169646 0.579625 0.121069 -0.47962 -0.314587 0.199896 -1.15788 0.917904 0.924336 -0.377718 -0.0541412 0.381459 0.91825 0.106327 0.00955375 -0.118934 0.992856
30.060000 -0.442574 0.162823 0.576268 0.410954 -0.292277 -0.0674108 0.676016 -0.80213 0.472608 0.918649 -0.388074 -0.0740514 0.393764 0.914632 0.0916391 0.0321671 -0.113343 0.993035
30.080000 -0.429466 0.160948 0.581783 0.600645 -0.0169468 0.486353 0.776351 0.451079 -0.204837 0.917869 -0.390034 -0.0734176 0.394867 0.916068 0.0699912 0.0399567 -0.093233 0.994842
30.100000 -0.405442 0.169744 0.590923 1.25667 0.55178 0.415452 2.37463 0.546191 -0.484492 0.922001 -0.382228 -0.0617668 0.384382 0.922767 0.0274217 0.046515 -0.0490249 0.997714
30.120000 -0.374378 0.185237 0.600235 1.47985 0.79904 0.472068 2.48685 0.883444 -0.824156 0.928209 -0.369178 -0.0462061 0.368342 0.929333 -0.0257724 0.0524555 0.0069025 0.998599
30.140000 -0.34003 0.204517 0.607962 1.65941 0.979758 0.312706 2.23273 0.661146 -0.669599 0.934565 -0.354378 -0.0316874 0.351447 0.93336 -0.0729703 0.0554348 0.0570591 0.996831
30.160000 -0.308682 0.223431 0.611898 1.55094 0.926927 0.149629 1.77998 0.638929 -0.261867 0.93779 -0.346674 -0.0191525 0.342641 0.932972 -0.110278 0.0560993 0.0968552 0.993716
30.180000 -0.282696 0.235793 0.610524 1.28763 0.588202 -0.0870734 0.737795 0.365679 -0.179939 0.93967 -0.341859 -0.0123155 0.337665 0.932704 -0.126671 0.0547904 0.114871 0.991868
30.200000 -0.258934 0.245466 0.606312 1.18672 0.456234 -0.247657 0.0867297 0.393218 -0.0252647 0.94028 -0.340361 -0.00529125 0.336807 0.93249 -0.130472 0.0493417 0.120898 0.991438
30.220000 -0.237493 0.25425 0.596279 1.05058 0.423955 -0.518838 -0.600563 0.140193 -0.335217 0.942585 -0.333937 -0.00438536 0.331205 0.936398 -0.116029 0.0428529 0.107915 0.993236
30.240000 -0.217317 0.262896 0.586158 1.00585 0.42013 -0.463638 -0.0881775 0.482515 -0.372609 0.945519 -0.325568 -0.000327943 0.323769 0.940399 -0.104032 0.0341779 0.098258 0.994574
30.260000 -0.198054 0.270741 0.577491 0.936789 0.370829 -0.437784 -0.116256 0.709782 -0.130702 0.946982 -0.32106 0.0121125 0.320659 0.942097 -0.098137 0.0200967 0.0968179 0.995099
30.280000 -0.182404 0.277275 0.569033 0.740287 0.30496 -0.40696 0.434571 0.723219 0.0889799 0.947107 -0.319806 0.0266819 0.320818 0.941469 -0.103504 0.00798102 0.106589 0.994271
30.300000 -0.172838 0.28127 0.560736 0.419489 0.144052 -0.399147 0.568268 1.05478 0.553686 0.944686 -0.324688 0.0463277 0.327894 0.93815 -0.111174 -0.00736535 0.120215 0.992721
30.320000 -0.172259 0.281768 0.555112 -0.0665206 0.0162113 -0.215903 -0.641415 0.92878 0.336358 0.940962 -0.33139 0.0690669 0.337076 0.936031 -0.101125 -0.0311368 0.118436 0.992473
30.340000 -0.177651 0.279943 0.560362 -0.286967 -0.0989068 0.489371 -1.08732 -0.360524 0.445102 0.936929 -0.342396 0.070207 0.347241 0.934749 -0.0752818 -0.0398498 0.0949124 0.994688
30.360000 -0.195664 0.273065 0.573064 -1.15292 -0.427099 0.61102 -1.50914 -0.492462 -0.568119 0.938747 -0.339856 0.0570169 0.34248 0.938448 -0.0449763 -0.0382219 0.0617485 0.99736
30.380000 -0.227608 0.260251 0.584428 -1.55222 -0.685297 0.554536 -2.42231 -0.494353 -0.694419 0.943849 -0.327118 0.046289 0.327308 0.944911 0.00362285 -0.044924 0.0117313 0.998922
30.400000 -0.265392 0.241871 0.594089 -1.8238 -0.964847 0.435762 -2.72191 -0.309895 -0.647735 0.948608 -0.314107 0.0384695 0.311559 0.948307 0.0603729 -0.0554444 -0.0452847 0.997434
30.420000 -0.301729 0.220107 0.600794 -1.77959 -1.09693 0.332792 -2.26998 -0.214175 -0.241649 0.950983 -0.307169 0.0357652 0.301891 0.94721 0.107957 -0.0670381 -0.0918677 0.993512
30.440000 -0.33449 0.19821 0.605818 -1.58718 -1.09673 0.185587 -1.51559 -0.21 0.197207 0.950782 -0.308369 0.0303668 0.301298 0.942939 0.141725 -0.0723377 -0.1256 0.98944
30.460000 -0.361363 0.178862 0.606025 -1.32982 -0.935808 0.00973314 -0.520057 -0.161096 0.388037 0.948981 -0.313916 0.0298562 0.305786 0.939238 0.155969 -0.0770032 -0.138882 0.987311
30.480000 -0.386349 0.163809 0.602091 -1.23956 -0.722822 -0.238769 -0.633051 -0.74774 0.387671 0.947895 -0.318227 0.0150885 0.311293 0.935237 0.168607 -0.0677667 -0.155125 0.985568
30.500000 -0.411503 0.14957 0.597359 -1.25837 -0.704712 -0.230946 -0.026017 -0.462695 0.501685 0.945519 -0.32555 0.00323648 0.320056 0.931292 0.173952 -0.0596442 -0.163439 0.984749
30.520000 -0.433496 0.133703 0.590068 -1.07393 -0.788067 -0.381092 0.654316 -0.0953237 0.327366 0.943458 -0.331487 0.00179785 0.327268 0.932287 0.154067 -0.0527472 -0.144767 0.988059
30.540000 -0.451362 0.11806 0.584519 -0.837217 -0.772229 -0.238206 0.082503 -0.582352 0.509236 0.941238 -0.337622 -0.009045 0.335111 0.93023 0.149576 -0.0420862 -0.143818 0.988709
30.560000 -0.463762 0.105097 0.579859 -0.5336 -0.620282 -0.251871 0.237261 -0.687299 0.696507 0.937081 -0.348261 -0.0243477 0.348023 0.926382 0.14386 -0.0275457 -0.143282 0.989298
30.580000 -0.466666 0.096585 0.576597 -0.0742585 -0.369929 -0.127891 0.804372 -0.74527 1.01237 0.930975 -0.362841 -0.040412 0.364988 0.922464 0.125874 -0.00839373 -0.131936 0.991223
30.600000 -0.459464 0.0928451 0.576418 0.383385 -0.177941 0.0272905 1.62678 -0.68043 1.00287 0.923324 -0.380018 -0.0553133 0.383661 0.919082 0.0899569 0.0166523 -0.104281 0.994408
30.620000 -0.444916 0.0964486 0.585209 0.809364 0.246319 0.455286 1.94186 -0.209899 0.516617 0.918356 -0.391367 -0.0587749 0.394246 0.917668 0.0495568 0.034541 -0.0686825 0.99704
30.640000 -0.421612 0.111302 0.598505 1.09197 0.797693 0.714434 2.82173 0.610915 -0.265449 0.918765 -0.39152 -0.0508132 0.391484 0.920118 -0.0110777 0.0510913 -0.00971472 0.998647
30.660000 -0.39329 0.131393 0.611652 1.43209 1.00328 0.634151 2.68612 0.406936 -0.121211 0.920988 -0.387369 -0.0415402 0.384171 0.920723 -0.068426 0.0647531 0.047061 0.996791
30.680000 -0.360459 0.153398 0.622622 1.63566 1.10923 0.516707 2.29541 0.193303 0.10423 0.921174 -0.387439 -0.0364594 0.381121 0.917133 -0.11668 0.0786446 0.0935874 0.9925
30.700000 -0.331019 0.173089 0.629064 1.40208 0.888413 0.212064 1.2118 -0.266457 0.201516 0.919266 -0.391808 -0.037908 0.382705 0.912119 -0.146888 0.0921284 0.120521 0.988427
30.720000 -0.30867 0.188905 0.633628 1.08894 0.780167 0.213539 0.552802 0.0853227 0.191956 0.917898 -0.39513 -0.0365311 0.384954 0.909021 -0.15966 0.0962941 0.132489 0.986496
30.740000 -0.290167 0.203064 0.633868 0.853782 0.716218 -0.104432 -0.104996 -0.108776 -0.000442076 0.917304 -0.396614 -0.0353664 0.386382 0.908057 -0.161684 0.0962406 0.134648 0.986209
30.760000 -0.275011 0.216008 0.630495 0.745654 0.637284 -0.177675 -0.0940598 0.107082 -0.0102005 0.917507 -0.396216 -0.0345376 0.386306 0.908467 -0.159548 0.0945919 0.133045 0.986586
30.780000 -0.262031 0.227932 0.628304 0.655378 0.567515 -0.0978824 -0.938308 0.0494024 -0.0276474 0.918149 -0.394669 -0.0352037 0.386184 0.911203 -0.143423 0.0886825 0.118089 0.989035
30.800000 -0.251393 0.237961 0.624683 0.49543 0.477885 -0.210155 -0.859541 0.42985 0.0235068 0.918625 -0.394033 -0.0294246 0.38779 0.913344 -0.124187 0.0758084 0.10267 0.991822
30.820000 -0.245877 0.2456 0.618457 0.263406 0.361037 -0.342924 -0.860153 0.759769 0.226513 0.91843 -0.395255 -0.0161337 0.391581 0.914166 -0.10471 0.0561361 0.0898512 0.994372
30.840000 -0.247032 0.249762 0.609214 -0.0780046 0.169305 -0.492383 -1.30984 0.907853 0.501081 0.916262 -0.400577 0.00102326 0.399461 0.913512 -0.0769793 0.0299014 0.070942 0.997032
30.860000 -0.257088 0.248138 0.59733 -0.480429 -0.109565 -0.611667 -1.97614 0.860175 0.828109 0.910684 -0.412735 0.0174664 0.4131 0.910036 -0.0343963 -0.00169851 0.0385396 0.999256
30.880000 -0.274301 0.239912 0.586536 -0.832131 -0.442493 -0.494351 -1.76335 1.05667 0.715828 0.903834 -0.426191 0.0380178 0.426205 0.90459 0.00815116 -0.0378644 0.00883605 0.999244
30.900000 -0.298883 0.227749 0.584751 -1.29686 -0.581066 0.118731 -1.85507 0.271809 -0.0642936 0.902814 -0.427365 0.0478009 0.425063 0.903702 0.0514243 -0.0651747 -0.0261082 0.997532
30.920000 -0.327656 0.214832 0.59299 -1.39256 -0.647704 0.537547 -2.67173 -0.97411 -0.256838 0.905968 -0.421819 0.0359352 0.416749 0.903557 0.0995194 -0.0744487 -0.0751853 0.994387
30.940000 -0.352751 0.19771 0.600336 -1.21654 -0.879654 0.368177 -2.49355 -0.879624 -0.213408 0.909296 -0.415652 0.0203705 0.408177 0.900339 0.150935 -0.0810768 -0.12893 0.988334
30.960000 -0.373241 0.179026 0.604838 -0.993506 -0.937941 0.217407 -2.00112 -0.691066 0.00765301 0.911052 -0.412214 0.00800764 0.403153 0.894756 0.192042 -0.0863274 -0.171732 0.981354
30.980000 -0.390929 0.161113 0.608182 -0.862466 -0.882677 0.138551 -1.50108 -0.72171 0.273539 0.910469 -0.413513 -0.00729901 0.404547 0.886784 0.223509 -0.085951 -0.20645 0.974675
31.000000 -0.407075 0.147176 0.608881 -0.837734 -0.639486 -0.0329179 -0.809407 -0.52692 0.208069 0.909307 -0.41574 -0.0179309 0.407384 0.880591 0.24207 -0.0848483 -0.227421 0.970093
31.020000 -0.42049 0.135445 0.604724 -0.635516 -0.569182 -0.250756 -0.38933 -0.0170303 0.159873 0.908211 -0.417979 -0.0211475 0.40967 0.877551 0.249149 -0.0855811 -0.234943 0.968234
31.040000 -0.43269 0.124461 0.599508 -0.592205 -0.552742 -0.27054 0.378018 0.357201 0.349911 0.904896 -0.425296 -0.0169338 0.416233 0.875896 0.244043 -0.0889582 -0.227882 0.969617
31.060000 -0.442048 0.115088 0.593423 -0.395806 -0.425277 -0.306617 0.979605 0.0248065 0.462482 0.900619 -0.434351 -0.0150057 0.426229 0.875977 0.225815 -0.0849384 -0.209769 0.974055
31.080000 -0.444854 0.107744 0.587241 -0.0939027 -0.362147 -0.312628 1.31746 -0.379814 0.456813 0.897166 -0.441174 -0.0214162 0.436307 0.877635 0.198477 -0.0687673 -0.187411 0.979872
31.100000 -0.441001 0.102794 0.58221 0.243123 -0.223865 -0.232664 1.7475 -0.854431 0.676042 0.892554 -0.449366 -0.0376372 0.449142 0.878448 0.163098 -0.0402283 -0.162478 0.985892
31.120000 -0.430449 0.0982491 0.578255 0.564986 -0.2042 -0.122183 2.08914 -0.721254 0.690976 0.887254 -0.458384 -0.0516158 0.461206 0.879527 0.117135 -0.00829517 -0.127734 0.991774
31.140000 -0.409261 0.0997294 0.582054 1.07897 0.070902 0.257393 2.47861 -0.239022 0.398699 0.882462 -0.466721 -0.0585937 0.469843 0.880554 0.0622281 0.0225518 -0.0824438 0.996341
31.160000 -0.381696 0.107746 0.593242 1.28751 0.45209 0.619666 2.49725 0.450919 0.171193 0.880316 -0.4716 -0.0513584 0.472563 0.881262 0.00783094 0.0415671 -0.0311638 0.99865
31.180000 -0.351682 0.121764 0.60553 1.48506 0.741982 0.608658 2.72416 0.681355 -0.309374 0.882758 -0.468286 -0.0380386 0.466465 0.883231 -0.0480856 0.0561147 0.0247043 0.998119
31.200000 -0.324617 0.13925 0.615433 1.26557 0.916404 0.428483 2.72631 0.472443 -0.773375 0.889798 -0.455466 -0.028469 0.450552 0.886689 -0.103855 0.0725453 0.0795829 0.994185
31.220000 -0.301843 0.159086 0.622676 1.09103 0.983164 0.357031 2.51306 0.602298 -0.629883 0.896841 -0.441934 -0.0192673 0.433957 0.887428 -0.155411 0.0857795 0.131017 0.987662
31.240000 -0.282765 0.177645 0.628386 0.941832 0.902924 0.248296 1.82311 0.48962 -0.242335 0.900987 -0.433725 -0.0102099 0.423673 0.884684 -0.194515 0.0933987 0.17093 0.980846
31.260000 -0.267479 0.194651 0.630634 0.757271 0.827541 0.0967029 1.15883 0.374966 0.0659127 0.901896 -0.431937 -0.00367507 0.420717 0.880333 -0.219115 0.0978792 0.196073 0.975692
31.280000 -0.255698 0.208804 0.629387 0.550874 0.690241 -0.0730552 0.540492 0.489016 -0.142393 0.903752 -0.428032 0.00448435 0.417341 0.878752 -0.231562 0.0951754 0.211146 0.97281
31.300000 -0.246727 0.22165 0.626919 0.439174 0.626366 -0.128246 0.0139177 0.403238 -0.157636 0.905633 -0.423921 0.0109431 0.414511 0.879494 -0.233816 0.0894953 0.216288 0.972219
31.320000 -0.240696 0.233246 0.622573 0.279519 0.567885 -0.272518 -0.433875 -0.216955 -0.294116 0.907982 -0.41895 0.00704953 0.409549 0.883801 -0.226198 0.0885352 0.208271 0.974056
31.340000 -0.238707 0.24317 0.615504 0.0392244 0.47849 -0.393738 -1.08968 -0.171602 -0.259115 0.90979 -0.415067 0.00154252 0.406552 0.890366 -0.204852 0.0836539 0.187 0.978792
31.360000 -0.241907 0.250309 0.606464 -0.154592 0.355187 -0.475241 -1.73805 0.122686 -0.0864802 0.91082 -0.412801 0.0017858 0.407042 0.897377 -0.170386 0.0687329 0.155918 0.985376
31.380000 -0.251297 0.253813 0.596897 -0.458127 0.165966 -0.472682 -2.33789 0.56685 -0.0481686 0.911422 -0.411328 0.0108924 0.409502 0.904155 -0.121704 0.0402117 0.115384 0.992507
31.400000 -0.267494 0.251879 0.588089 -0.785671 -0.147857 -0.424764 -3.13184 0.415813 -0.00309121 0.912137 -0.409437 0.0191401 0.409839 0.910349 -0.0574231 0.006087 0.0602221 0.998166
31.420000 -0.277617 0.243348 0.594246 -0.36741 -0.485602 0.395187 -2.09134 0.154613 -0.331586 0.915003 -0.40279 0.0230294 0.403106 0.915086 -0.0111014 -0.0166024 0.0194411 0.999673
31.440000 -0.286853 0.227564 0.605231 -0.488565 -0.849188 0.596718 -2.46191 0.0128864 -0.595976 0.919507 -0.392414 0.0227421 0.391358 0.919361 0.0401642 -0.0366693 -0.028031 0.998934
31.460000 -0.303985 0.206693 0.616931 -0.866575 -1.0295 0.575242 -2.67682 -0.0264712 -0.169891 0.921912 -0.386698 0.0233007 0.383053 0.918902 0.0942828 -0.05787 -0.077995 0.995273
31.480000 -0.31967 0.190332 0.627824 -0.739874 -0.79403 0.5169 -2.43762 -0.467079 -0.266389 0.924103 -0.3818 0.0162136 0.375669 0.915404 0.144595 -0.0700485 -0.12753 0.989358
31.500000 -0.330762 0.176444 0.635846 -0.505083 -0.663501 0.354137 -1.98097 -0.528768 -0.223129 0.926609 -0.375969 0.00653593 0.368321 0.910987 0.185586 -0.0757287 -0.169558 0.982606
31.520000 -0.33771 0.166106 0.639437 -0.303383 -0.492769 0.137326 -1.49116 -0.424366 -0.351695 0.929862 -0.367907 -0.00139712 0.359471 0.907719 0.216393 -0.0783444 -0.201718 0.976305
31.540000 -0.340958 0.15771 0.639037 -0.141341 -0.403742 -0.0728343 -1.12056 -0.374763 -0.421486 0.933293 -0.359054 -0.00670581 0.350109 0.90557 0.239515 -0.0799262 -0.225886 0.970869
31.560000 -0.340806 0.150959 0.633876 0.0469712 -0.334672 -0.319712 -0.741538 0.0460384 -0.60022 0.937406 -0.348163 -0.00720619 0.338392 0.905821 0.254911 -0.082223 -0.241393 0.966938
31.580000 -0.338971 0.146664 0.624231 0.10232 -0.196722 -0.495483 -0.0705932 0.127421 -0.438291 0.940558 -0.339624 -0.00234348 0.328599 0.908235 0.259097 -0.0858674 -0.244466 0.965848
31.600000 -0.334025 0.144562 0.61412 0.267488 -0.0913617 -0.523087 0.709731 -0.369957 -0.294144 0.942909 -0.33301 -0.00521577 0.3239 0.913243 0.247137 -0.0775358 -0.234717 0.968966
31.620000 -0.325145 0.144723 0.60223 0.470041 -0.00817178 -0.621488 1.53203 -0.704003 -0.0604741 0.944082 -0.329269 -0.0170731 0.324909 0.920277 0.218002 -0.0560693 -0.211359 0.975799
31.640000 -0.309518 0.14668 0.588826 0.787239 0.0968605 -0.687591 2.7102 -0.832497 0.0993405 0.944137 -0.327917 -0.0328018 0.32869 0.92979 0.165688 -0.0238331 -0.167214 0.985633
31.660000 -0.288225 0.149276 0.577423 1.06258 0.0816645 -0.507744 3.61368 -0.0935873 0.429878 0.941151 -0.335827 -0.0381541 0.337954 0.936612 0.0924346 0.00469364 -0.0998893 0.994987
31.680000 -0.259624 0.152873 0.57288 1.33605 0.163206 -0.089147 3.70923 0.468793 0.257125 0.938901 -0.342607 -0.0329351 0.343138 0.939209 0.0119284 0.0268462 -0.0225009 0.999386
31.700000 -0.226109 0.16029 0.577274 1.69116 0.423683 0.256408 3.10642 0.643748 -0.154465 0.939595 -0.341647 -0.0209441 0.340106 0.938754 -0.0554039 0.0385899 0.044934 0.998244
31.720000 -0.190595 0.171843 0.584365 1.70899 0.59327 0.3615 2.55627 0.677005 -0.42907 0.942882 -0.333031 -0.00800499 0.330183 0.937467 -0.110162 0.0441917 0.101227 0.993881
31.740000 -0.157838 0.183867 0.590892 1.59232 0.615015 0.307968 1.97536 0.612621 -0.37186 0.945862 -0.324552 0.00336082 0.321247 0.934653 -0.152398 0.0463198 0.145227 0.988314
31.760000 -0.129082 0.197401 0.595295 1.40532 0.676535 0.206599 1.438 0.616174 -0.309614 0.948688 -0.315931 0.0133343 0.312917 0.931896 -0.183448 0.0455307 0.178208 0.982939
31.780000 -0.104786 0.209911 0.596963 1.17178 0.621158 0.0557818 0.925755 0.561062 -0.357965 0.951345 -0.307318 0.0223157 0.305291 0.930312 -0.203264 0.0417062 0.200187 0.97887
31.800000 -0.0849162 0.221634 0.595741 0.969945 0.565899 -0.100078 0.382452 0.564965 -0.398199 0.954158 -0.297606 0.0318327 0.297377 0.930591 -0.213465 0.0339053 0.213146 0.976432
31.820000 -0.0689107 0.231506 0.590979 0.76859 0.466047 -0.299829 -0.0590319 0.554571 -0.584884 0.95749 -0.285567 0.0407891 0.287555 0.933646 -0.213581 0.022909 0.21623 0.976074
31.840000 -0.056118 0.24089 0.583532 0.614046 0.474735 -0.390543 -0.435293 0.508774 -0.77536 0.961887 -0.269281 0.0475514 0.273219 0.939354 -0.207281 0.0111493 0.212373 0.977125
31.860000 -0.0478596 0.248365 0.578692 0.369438 0.325402 -0.241443 -0.585118 0.758743 -0.308966 0.964424 -0.257783 0.0586093 0.264314 0.944467 -0.195243 -0.00502417 0.203788 0.979002
31.880000 -0.0484666 0.251935 0.576447 -0.104805 0.147084 -0.0863707 -0.999003 0.665595 -0.172004 0.965347 -0.250808 0.0721171 0.259786 0.949842 -0.1741 -0.0248342 0.186802 0.982084
31.900000 -0.0592342 0.253302 0.581886 -0.616816 0.0417964 0.277339 -1.53124 0.22436 -0.144764 0.965907 -0.246746 0.0783589 0.255975 0.955525 -0.146455 -0.0387365 0.16152 0.986109
31.920000 -0.078977 0.24939 0.591954 -1.06474 -0.242398 0.505755 -2.75356 0.183806 -0.236227 0.966503 -0.242834 0.0830905 0.250279 0.963451 -0.0955167 -0.0568588 0.113113 0.991954
31.940000 -0.10869 0.238697 0.60187 -1.40731 -0.565331 0.476853 -3.14694 -0.023521 -0.52709 0.968497 -0.234453 0.0839385 0.237724 0.970831 -0.0312204 -0.0741703 0.0501911 0.995982
31.960000 -0.142482 0.221516 0.612803 -1.66609 -0.906801 0.533978 -2.86363 -0.131884 -0.567786 0.971444 -0.223018 0.0809867 0.221422 0.974767 0.0283039 -0.0852555 -0.00956341 0.996313
31.980000 -0.17749 0.200813 0.622265 -1.73802 -1.04383 0.471697 -2.58837 -0.185626 -0.181261 0.972897 -0.217421 0.0787382 0.211074 0.974056 0.0816296 -0.0944434 -0.0627976 0.993548
32.000000 -0.211586 0.180368 0.629991 -1.68259 -1.00951 0.346131 -1.90164 -0.235824 0.209033 0.972875 -0.219189 0.0739654 0.209215 0.970106 0.122976 -0.0987092 -0.104165 0.989649
32.020000 -0.243417 0.165942 0.633648 -1.53858 -0.724966 0.178461 -0.452156 0.326801 0.109209 0.97233 -0.221467 0.0743439 0.209641 0.967613 0.140623 -0.10308 -0.121147 0.987268
32.040000 -0.272822 0.151859 0.635402 -1.43719 -0.713367 0.0155549 0.0692871 0.477772 0.274845 0.970409 -0.227251 0.0816337 0.214325 0.966338 0.142323 -0.111229 -0.120615 0.986448
32.060000 -0.299018 0.138472 0.633847 -1.28257 -0.668212 -0.104604 0.1474 0.0376729 0.299182 0.968644 -0.233564 0.08472 0.220644 0.965422 0.138837 -0.114218 -0.115791 0.986685
32.080000 -0.321628 0.124435 0.626309 -1.10819 -0.717007 -0.447767 0.282707 -0.379792 0.168525 0.968294 -0.236343 0.0809313 0.224751 0.965596 0.130813 -0.109064 -0.108476 0.988098
32.100000 -0.341506 0.110405 0.616814 -0.96228 -0.707666 -0.460392 -0.173457 -0.916465 0.233694 0.969127 -0.238095 0.0640529 0.228014 0.964307 0.134616 -0.0938181 -0.115855 0.988825
32.120000 -0.356649 0.0969965 0.607455 -0.666043 -0.655291 -0.524418 0.343264 -0.638133 0.573822 0.968026 -0.246099 0.0485812 0.238263 0.962625 0.128782 -0.0784586 -0.113089 0.990482
32.140000 -0.364898 0.0861917 0.596227 -0.360408 -0.493808 -0.571155 0.28064 -1.1688 0.947463 0.965459 -0.259245 0.0260908 0.254347 0.959447 0.121526 -0.0565378 -0.110692 0.992245
32.160000 -0.366615 0.0793783 0.583623 -0.10141 -0.304351 -0.634859 0.568552 -1.3698 0.952738 0.961499 -0.274796 -0.00249487 0.273439 0.955768 0.108348 -0.0273892 -0.104859 0.99411
32.180000 -0.363578 0.0752724 0.57712 0.233273 -0.176452 -0.246593 0.40429 -1.64594 0.664734 0.957608 -0.285772 -0.0363353 0.287992 0.95269 0.0971725 0.00684704 -0.103517 0.994604
32.200000 -0.35871 0.0759911 0.579871 0.159186 0.0616475 0.343333 1.06833 -0.982341 0.319235 0.953852 -0.294079 -0.0606984 0.298268 0.951257 0.0783955 0.0346853 -0.0928821 0.995073
32.220000 -0.348284 0.0794851 0.593272 0.664407 0.208962 0.699715 1.72798 -0.636465 0.0788181 0.952411 -0.295894 -0.0732165 0.299499 0.95307 0.0442382 0.0566906 -0.0640613 0.996334
32.240000 -0.327861 0.0897464 0.609153 1.03636 0.552919 0.794685 2.74031 -0.290394 0.344352 0.949788 -0.301769 -0.0826915 0.302105 0.953235 -0.0087227 0.0814567 -0.0166968 0.996537
32.260000 -0.306402 0.104708 0.623354 0.968952 0.820377 0.629949 2.91819 -0.242252 0.232372 0.947547 -0.307753 -0.0862758 0.30245 0.950644 -0.0692837 0.10334 0.0395555 0.993859
32.280000 -0.287052 0.122943 0.635819 0.926428 0.866173 0.663189 2.96953 -0.0455884 0.138222 0.946371 -0.310879 -0.0879512 0.29861 0.945584 -0.129241 0.123344 0.0960466 0.987705
32.300000 -0.270448 0.140654 0.646545 0.789511 0.901848 0.477433 2.16398 0.0347317 0.26673 0.945164 -0.315185 -0.0855757 0.297139 0.938621 -0.175211 0.135547 0.140175 0.980805
32.320000 -0.257277 0.157627 0.65399 0.652468 0.82283 0.327357 1.56396 0.0155218 0.513093 0.942665 -0.323179 -0.0832949 0.300624 0.930645 -0.208629 0.144942 0.171627 0.974441
32.340000 -0.24766 0.171619 0.65515 0.459489 0.682447 0.0189271 1.13546 -0.0800636 0.461456 0.939812 -0.331482 -0.0829066 0.305241 0.92351 -0.232287 0.153564 0.193 0.969107
32.360000 -0.238895 0.184296 0.654724 0.434357 0.626479 -0.0296066 0.458483 -0.282905 0.654089 0.935295 -0.34376 -0.0839812 0.314992 0.916901 -0.245098 0.161257 0.202785 0.965854
32.380000 -0.232087 0.196704 0.653725 0.315924 0.606803 -0.0743931 -0.0135166 -0.313753 0.551211 0.930648 -0.355065 -0.0884435 0.325088 0.913244 -0.245567 0.167963 0.199784 0.965337
32.400000 -0.22915 0.208468 0.65062 0.103698 0.580465 -0.193413 -0.666851 -0.00460204 0.318973 0.928091 -0.361629 -0.0887184 0.333395 0.913159 -0.234498 0.165815 0.188057 0.96806
32.420000 -0.231022 0.219359 0.644353 -0.102405 0.550861 -0.347511 -1.26631 0.264792 0.253374 0.926956 -0.365654 -0.0839605 0.342142 0.915727 -0.210674 0.153919 0.166559 0.973944
32.440000 -0.238479 0.228203 0.635243 -0.386415 0.428346 -0.495009 -1.75049 0.773979 0.284201 0.926926 -0.368684 -0.0698596 0.352296 0.919133 -0.176303 0.12921 0.138808 0.981854
32.460000 -0.253651 0.233715 0.621891 -0.782361 0.259712 -0.704427 -2.47097 1.02491 0.20774 0.927387 -0.37065 -0.0507117 0.36211 0.92342 -0.127166 0.0939623 0.0995691 0.990584
32.480000 -0.278325 0.237119 0.605511 -1.26287 0.187349 -0.835524 -2.98049 1.1786 -0.101809 0.928634 -0.36989 -0.0286306 0.367475 0.927684 -0.0660599 0.050995 0.0508245 0.997405
32.500000 -0.308463 0.238753 0.588455 -1.43861 0.0931955 -0.824686 -3.32317 1.14331 -0.204713 0.930476 -0.3663 -0.00622051 0.366328 0.930476 0.00414711 0.00426895 -0.00613753 0.999972
32.520000 -0.336751 0.24186 0.576677 -1.29196 0.198337 -0.513172 -3.38449 0.0497363 -0.408813 0.932487 -0.3612 0.00133271 0.360122 0.929977 0.0738629 -0.0279187 -0.0683963 0.997268
32.540000 -0.361229 0.245044 0.572512 -1.20662 0.110724 -0.128615 -2.55939 -0.506551 -0.516579 0.935905 -0.352212 -0.00538593 0.349917 0.927833 0.129167 -0.0404969 -0.122773 0.991608
32.560000 -0.386614 0.241506 0.575678 -1.30561 -0.220327 0.203464 -1.72513 -0.434094 -0.648706 0.940559 -0.339418 -0.0119816 0.336562 0.926755 0.166886 -0.04554 -0.160999 0.985903
32.580000 -0.40821 0.236258 0.582288 -1.06917 -0.253263 0.343501 -1.16867 -0.375314 -0.667312 0.945357 -0.325478 -0.0190962 0.322987 0.926912 0.191087 -0.044494 -0.186813 0.981387
32.600000 -0.426636 0.230236 0.586764 -0.895928 -0.309823 0.23928 -0.75728 -0.232713 -0.375653 0.948897 -0.31477 -0.0226723 0.312455 0.926965 0.207622 -0.0443368 -0.204096 0.977946
32.620000 -0.439868 0.223449 0.589042 -0.627127 -0.345278 0.106501 -0.591869 -0.243713 -0.406371 0.951484 -0.306669 -0.0251351 0.304585 0.927128 0.218317 -0.0436475 -0.215381 0.975554
32.640000 -0.447795 0.215094 0.588882 -0.348965 -0.427933 -0.0114088 -0.201099 -0.0454416 -0.407809 0.954108 -0.298541 -0.0234629 0.296167 0.92912 0.221406 -0.0442989 -0.218194 0.974899
32.660000 -0.451945 0.205555 0.588259 -0.187799 -0.484021 -0.0368889 0.4364 -0.00317655 -0.343028 0.956369 -0.291408 -0.0209547 0.288958 0.93286 0.215119 -0.0431396 -0.211788 0.976363
32.680000 -0.453125 0.195334 0.585181 -0.0289544 -0.504753 -0.172188 1.02299 0.176862 -0.11521 0.957393 -0.288376 -0.0154266 0.285723 0.938115 0.19571 -0.0419661 -0.191779 0.98054
32.700000 -0.447864 0.188481 0.585188 0.326917 -0.284072 0.0273308 0.98302 -0.246376 0.521949 0.955576 -0.294067 -0.0199787 0.292902 0.939848 0.175767 -0.0329105 -0.173811 0.984229
32.720000 -0.435516 0.185452 0.588513 0.651666 -0.105138 0.180341 1.25999 -0.159464 0.659194 0.951799 -0.30562 -0.0259848 0.305958 0.940034 0.150749 -0.0216452 -0.151433 0.988231
32.740000 -0.416677 0.187203 0.59408 0.957015 0.133765 0.290265 1.58491 0.186914 0.632795 0.947556 -0.318557 -0.0256816 0.319324 0.940422 0.116784 -0.0130507 -0.11886 0.992825
32.760000 -0.391281 0.193856 0.601115 1.38629 0.412593 0.388951 1.68576 0.485758 0.188033 0.945525 -0.325058 -0.0178977 0.325431 0.942265 0.0789417 -0.00879627 -0.0804658 0.996719
32.780000 -0.354307 0.206584 0.607416 1.81785 0.658472 0.28506 2.2887 0.515709 -0.0574152 0.945132 -0.326603 -0.00752605 0.326676 0.944636 0.0307576 -0.00293615 -0.0315286 0.999499
32.800000 -0.314422 0.224414 0.612119 1.95625 0.952635 0.219737 2.51879 0.652994 -0.29589 0.947098 -0.320869 0.00691492 0.320943 0.946839 -0.0221582 0.000562558 0.0232053 0.999731
32.820000 -0.273669 0.24547 0.613838 2.00515 1.02031 0.0769334 2.37809 0.541846 -0.168767 0.948601 -0.315983 0.017641 0.31641 0.945797 -0.0731595 0.00643236 0.074981 0.997164
32.840000 -0.236844 0.265691 0.612709 1.77619 0.991626 -0.0998636 1.87221 0.571649 -0.0804263 0.949371 -0.312854 0.0285819 0.31404 0.942609 -0.113434 0.00854672 0.116667 0.993134
32.860000 -0.205097 0.28307 0.607787 1.53877 0.79262 -0.295282 1.30479 0.635613 -0.0570727 0.949757 -0.310328 0.0407131 0.312933 0.939102 -0.141986 0.00582853 0.147593 0.989031
32.880000 -0.178111 0.297578 0.600116 1.31454 0.713484 -0.407965 0.830456 0.686008 -0.0191508 0.949903 -0.307876 0.0538267 0.312543 0.936392 -0.159647 -0.0012514 0.168472 0.985706
32.900000 -0.155136 0.310875 0.591055 1.11003 0.654819 -0.47026 0.877801 0.855116 0.121437 0.94913 -0.306801 0.0708968 0.314646 0.932838 -0.175532 -0.012282 0.18891 0.981918
32.920000 -0.135394 0.323528 0.581018 0.95301 0.627114 -0.503265 1.0644 0.825209 0.171038 0.947795 -0.306365 0.0884658 0.318111 0.927665 -0.195559 -0.0221543 0.213492 0.976694
32.940000 -0.118045 0.336262 0.569919 0.857024 0.627937 -0.54281 1.30172 0.719345 0.06176 0.946856 -0.304328 0.104151 0.320315 0.921648 -0.219004 -0.0293415 0.240726 0.970149
32.960000 -0.102837 0.346715 0.561271 0.716505 0.474586 -0.39442 0.994041 0.101232 0.265938 0.94501 -0.307482 0.111405 0.325838 0.914416 -0.240154 -0.0280275 0.263248 0.964321
32.980000 -0.0944958 0.352745 0.557166 0.314916 0.225849 -0.160176 -0.118806 -0.201911 0.258804 0.943419 -0.312977 0.109573 0.330648 0.912925 -0.239251 -0.025152 0.261944 0.964755
33.000000 -0.0973286 0.35229 0.562561 -0.221283 -0.0437897 0.317363 -0.829568 -0.287479 0.102129 0.942789 -0.316856 0.103687 0.332705 0.914117 -0.231728 -0.021358 0.252967 0.967239
33.020000 -0.109794 0.349003 0.569438 -0.753144 -0.22418 0.357975 -1.35649 -0.129044 -0.030424 0.943289 -0.316876 0.0989742 0.33094 0.921092 -0.205107 -0.0261709 0.226229 0.973722
33.040000 -0.134046 0.340838 0.577556 -1.25337 -0.384057 0.437171 -1.45693 -0.282173 -0.435425 0.944942 -0.313777 0.0928942 0.325691 0.929357 -0.173839 -0.0317853 0.194523 0.980383
33.060000 -0.171371 0.328624 0.58843 -1.89373 -0.605195 0.569736 -2.27154 -0.619795 -1.05417 0.951043 -0.298702 0.0793397 0.306885 0.943099 -0.128004 -0.0365903 0.146085 0.988595
33.080000 -0.216506 0.311698 0.600583 -2.29243 -0.835784 0.552546 -3.20664 -0.69381 -1.03428 0.957403 -0.281484 0.0643916 0.285499 0.956165 -0.0651126 -0.0432409 0.0807227 0.995798
33.100000 -0.263729 0.292901 0.610457 -2.30824 -0.940431 0.464789 -3.02681 -0.630526 -0.458437 0.961467 -0.270224 0.0505956 0.270636 0.962681 -0.0013418 -0.0483448 0.0149831 0.998718
33.120000 -0.309786 0.271695 0.617693 -2.26701 -1.06256 0.321558 -2.70257 -0.485193 0.00570668 0.962647 -0.267821 0.0397868 0.265452 0.962484 0.0562182 -0.0533505 -0.0435568 0.997625
33.140000 -0.353096 0.249572 0.621048 -2.1406 -1.09673 0.144081 -2.13164 -0.396641 0.428002 0.961265 -0.27378 0.0318411 0.269387 0.957657 0.10161 -0.0583115 -0.0890961 0.994315
33.160000 -0.390916 0.23099 0.620903 -1.87797 -0.827609 -0.066918 -1.20903 -0.545087 0.188573 0.960333 -0.278081 0.0207786 0.273206 0.953182 0.129622 -0.0558513 -0.118804 0.991346
33.180000 -0.423465 0.214597 0.6158 -1.59696 -0.791365 -0.281847 -0.617178 -0.429525 0.0329447 0.96056 -0.277757 0.0132582 0.273103 0.951292 0.143035 -0.0523415 -0.133773 0.989629
33.200000 -0.454119 0.200272 0.608504 -1.53498 -0.693708 -0.369862 -0.668297 -1.11938 -0.00872164 0.961206 -0.275813 -0.00314168 0.272976 0.949562 0.154326 -0.039582 -0.149197 0.988015
33.220000 -0.483004 0.187144 0.598002 -1.41657 -0.652057 -0.566157 -0.542871 -1.0998 -0.0743036 0.962222 -0.271114 -0.0250113 0.271439 0.948096 0.165633 -0.0211925 -0.166165 0.98587
33.240000 -0.5092 0.173797 0.587419 -1.30981 -0.669811 -0.488236 -0.738872 -1.07932 -0.0459182 0.962949 -0.266007 -0.0443759 0.26963 0.946383 0.177927 -0.00533316 -0.1833 0.983043
33.260000 -0.532275 0.161557 0.578114 -1.09526 -0.569644 -0.478179 -0.652036 -1.12199 0.200033 0.962108 -0.264772 -0.0651432 0.272405 0.943842 0.186973 0.0119796 -0.197634 0.980203
33.280000 -0.548913 0.153902 0.568993 -0.769816 -0.324801 -0.440923 -0.715163 -1.29442 0.637426 0.958718 -0.26918 -0.09166 0.282503 0.938384 0.199067 0.0324275 -0.216743 0.97569
33.300000 -0.558518 0.147035 0.564391 -0.382481 -0.345807 -0.114718 0.216788 -0.572462 0.708917 0.953771 -0.280401 -0.10815 0.296915 0.934841 0.194714 0.0465046 -0.217824 0.974879
33.320000 -0.557681 0.144177 0.571517 0.192636 -0.0263209 0.54486 0.81086 0.223635 0.283448 0.950437 -0.290645 -0.110428 0.306467 0.935627 0.175154 0.0524121 -0.200316 0.978328
33.340000 -0.543122 0.151506 0.586676 0.835568 0.482704 0.823217 2.04807 -0.418225 -0.359701 0.951592 -0.286551 -0.11118 0.300018 0.944561 0.133391 0.0667932 -0.16029 0.984808
33.360000 -0.518211 0.165963 0.601948 1.24441 0.738573 0.706762 2.29452 0.228823 -0.508015 0.954438 -0.276681 -0.111781 0.286515 0.954375 0.0841282 0.0834039 -0.112322 0.990165
33.380000 -0.487046 0.185715 0.614383 1.50942 1.00239 0.580232 2.58229 0.443791 -0.231391 0.957239 -0.270614 -0.102287 0.274969 0.960955 0.0309275 0.0899242 -0.0577309 0.994274
33.400000 -0.450928 0.209512 0.624278 1.77401 1.18901 0.453189 2.72579 0.359984 0.127035 0.958042 -0.270703 -0.0942145 0.269362 0.962663 -0.0269101 0.0979814 0.000403178 0.995188
33.420000 -0.41272 0.236688 0.631167 1.87644 1.39323 0.30476 2.66672 0.254416 0.386099 0.956709 -0.277504 -0.087747 0.270601 0.959117 -0.0828788 0.107159 0.0555465 0.992689
33.440000 -0.376458 0.261923 0.635448 1.81267 1.18486 0.174803 1.79653 0.0892277 0.60913 0.953768 -0.288155 -0.0854002 0.276662 0.952794 -0.125067 0.117407 0.0956575 0.988466
33.460000 -0.343813 0.285173 0.637612 1.60952 1.15292 0.119314 0.770129 -0.0419488 0.729044 0.949616 -0.301652 -0.0850588 0.287742 0.946684 -0.144894 0.124231 0.113119 0.985784
33.480000 -0.315214 0.307488 0.637237 1.41754 1.07549 -0.0281204 0.306957 0.210432 0.740053 0.945503 -0.3151 -0.0820709 0.300498 0.941471 -0.15275 0.125399 0.119763 0.984851
33.500000 -0.289646 0.328274 0.634636 1.2168 1.0429 -0.20475 0.284531 0.489953 0.707955 0.942304 -0.327448 -0.0695804 0.313419 0.93599 -0.160282 0.117611 0.129227 0.984616
33.520000 -0.268362 0.349122 0.627334 1.04016 1.02725 -0.357921 0.78392 1.04345 0.702908 0.939861 -0.337483 -0.0525965 0.324605 0.930471 -0.169867 0.106267 0.142578 0.984062
33.540000 -0.250183 0.369719 0.619861 0.882091 1.02179 -0.390071 0.374781 0.929193 0.617152 0.937841 -0.345733 -0.0303844 0.335154 0.924916 -0.179449 0.0901446 0.158111 0.983298
33.560000 -0.2369 0.390208 0.609309 0.598195 0.974401 -0.57802 -0.349648 0.663264 0.630395 0.935065 -0.354032 -0.0177468 0.346106 0.922654 -0.170058 0.0765801 0.152873 0.985274
33.580000 -0.229855 0.406631 0.596803 0.328199 0.804608 -0.64361 -0.405869 1.23023 0.970729 0.930218 -0.366943 0.00684386 0.363184 0.917686 -0.161087 0.0528291 0.152331 0.986917
33.600000 -0.229393 0.419627 0.584039 -0.0361558 0.616576 -0.600181 -0.618877 1.78224 1.09993 0.923705 -0.380814 0.0418243 0.382748 0.912624 -0.143605 0.0165168 0.148656 0.988751
33.620000 -0.235815 0.42725 0.575958 -0.34931 0.329362 -0.344449 -0.661898 1.73974 0.848131 0.916074 -0.392954 0.079967 0.400379 0.907439 -0.12748 -0.0224715 0.148798 0.988612
33.640000 -0.248307 0.42903 0.57652 -0.658346 0.0718201 0.131328 -1.27452 1.2865 0.498222 0.909202 -0.401403 0.110572 0.412401 0.904742 -0.10662 -0.0572416 0.14254 0.988133
33.660000 -0.26384 0.42729 0.585307 -0.681822 -0.117264 0.542981 -1.64686 0.34946 0.701819 0.903176 -0.411608 0.121867 0.421699 0.903825 -0.0725939 -0.0802665 0.116956 0.989888
33.680000 -0.283817 0.415411 0.59901 -0.962057 -0.736312 0.579576 -2.58721 0.055716 -0.0174684 0.900522 -0.41773 0.120671 0.423263 0.905706 -0.023342 -0.0995421 0.0720956 0.992418
33.700000 -0.303428 0.394704 0.612979 -0.929327 -1.08533 0.747909 -2.7169 -0.758718 -0.144626 0.90266 -0.415965 0.110353 0.415035 0.90923 0.0323661 -0.1138 0.0165849 0.993365
33.720000 -0.32405 0.36842 0.626923 -0.990645 -1.27748 0.750943 -2.99819 -0.644685 -0.0647489 0.904651 -0.414559 0.0987255 0.406493 0.908994 0.0921569 -0.127945 -0.0432387 0.990838
33.740000 -0.342824 0.342607 0.638322 -0.887595 -1.29405 0.492498 -2.19045 -0.493797 0.140724 0.905408 -0.415534 0.0869959 0.401848 0.904922 0.140123 -0.13695 -0.091909 0.986305
33.760000 -0.357773 0.318083 0.645852 -0.74598 -1.17716 0.386687 -1.63763 -0.401563 0.381657 0.903934 -0.420278 0.0791814 0.402652 0.898736 0.173623 -0.144133 -0.125061 0.981624
33.780000 -0.371336 0.297353 0.651066 -0.668685 -1.02007 0.221108 -1.02629 -0.292743 0.378372 0.902195 -0.425625 0.0699078 0.405816 0.892524 0.19676 -0.14614 -0.149146 0.977956
33.800000 -0.38448 0.27848 0.651688 -0.617367 -0.934752 -0.073075 -0.433273 0.0651439 0.475971 0.898274 -0.434403 0.0663135 0.413247 0.886384 0.208685 -0.149433 -0.160052 0.975732
33.820000 -0.396381 0.262286 0.64622 -0.581067 -0.806601 -0.294107 -0.274096 -0.0449839 0.550699 0.893785 -0.44411 0.062575 0.422031 0.880035 0.21778 -0.151787 -0.16824 0.97399
33.840000 -0.405373 0.246615 0.639789 -0.421555 -0.784 -0.332919 0.443441 -0.0607538 0.454994 0.890123 -0.451841 0.0593328 0.430958 0.876926 0.212783 -0.148175 -0.163834 0.975296
33.860000 -0.410985 0.232297 0.63128 -0.271554 -0.700214 -0.460983 0.864553 -0.329312 0.682212 0.885795 -0.461089 0.0525714 0.443488 0.874417 0.196756 -0.136691 -0.150971 0.979042
33.880000 -0.41256 0.219732 0.620049 -0.070819 -0.615794 -0.602228 1.40619 -0.52331 0.684813 0.881107 -0.471093 0.0414818 0.458409 0.872346 0.169925 -0.116237 -0.130706 0.984584
33.900000 -0.409021 0.210343 0.605643 0.157879 -0.45305 -0.757439 2.03605 -0.790618 0.844073 0.875271 -0.482988 0.0249803 0.476204 0.869693 0.129861 -0.0844464 -0.101768 0.991218
33.920000 -0.400001 0.205872 0.589141 0.43164 -0.202901 -0.854198 2.47005 -0.947543 1.05969 0.866284 -0.499533 0.00425649 0.497677 0.86374 0.0791881 -0.0432336 -0.0664811 0.996851
33.940000 -0.386253 0.203639 0.572163 0.686028 -0.147626 -0.842514 2.70361 -1.01571 0.414486 0.86059 -0.509031 -0.016511 0.509292 0.860287 0.0229766 0.00250844 -0.0281823 0.9996
33.960000 -0.364474 0.203266 0.564821 1.08682 -0.105122 -0.195739 2.35091 0.0118258 -0.089477 0.862107 -0.506197 -0.0231421 0.505528 0.86231 -0.0293639 0.0348196 0.0136158 0.999301
33.980000 -0.341022 0.20654 0.570847 1.14409 0.246281 0.408893 1.77834 0.716205 -0.15156 0.864529 -0.502493 -0.00954669 0.500741 0.862829 -0.0691633 0.0429912 0.0550132 0.99756
34.000000 -0.315928 0.215483 0.578159 1.27288 0.492282 0.349326 1.58808 0.647078 -0.676391 0.869773 -0.493429 0.00483272 0.491228 0.864882 -0.103315 0.0467988 0.0922345 0.994637
34.020000 -0.292383 0.22748 0.583414 1.07916 0.617981 0.209204 1.34791 0.545803 -0.555846 0.876347 -0.481429 0.0155863 0.479036 0.867692 -0.1328 0.0504098 0.123846 0.99102
34.040000 -0.272028 0.241076 0.586282 0.935123 0.686501 0.0900585 1.12843 0.58501 -0.392896 0.881017 -0.47233 0.0267231 0.470312 0.868348 -0.157408 0.0511433 0.151247 0.987172
34.060000 -0.256074 0.254281 0.586886 0.763034 0.657338 -0.00287694 0.810911 0.739086 -0.311562 0.88445 -0.464917 0.0400208 0.464336 0.868343 -0.174274 0.0462713 0.17272 0.983884
34.080000 -0.244681 0.265942 0.584574 0.529717 0.559987 -0.136248 0.447005 0.417517 -0.50148 0.888651 -0.455948 0.0490998 0.456763 0.870503 -0.183282 0.0408257 0.185301 0.981833
34.100000 -0.237284 0.27742 0.58077 0.342682 0.578476 -0.216796 -0.450782 0.057305 -0.711025 0.894938 -0.443481 0.0490974 0.444687 0.877481 -0.179668 0.0365974 0.182625 0.982501
34.120000 -0.233421 0.285676 0.575482 0.150066 0.354064 -0.218364 -0.743836 0.310382 -0.459316 0.90062 -0.431656 0.0505684 0.433846 0.886048 -0.163392 0.0257231 0.169093 0.985264
34.140000 -0.235642 0.287249 0.574579 -0.15959 0.0241036 -0.0154451 -0.9806 0.447656 0.0273642 0.901845 -0.428153 0.0579739 0.431964 0.890672 -0.141814 0.00908212 0.152936 0.988194
34.160000 -0.245603 0.281088 0.580241 -0.584537 -0.42023 0.278615 -1.3729 0.254982 0.230097 0.90127 -0.428333 0.0651335 0.433189 0.893559 -0.117899 -0.00770058 0.134474 0.990887
34.180000 -0.26401 0.268007 0.586668 -0.857142 -0.648362 0.358573 -1.86807 -0.389442 -0.115969 0.901456 -0.428736 0.0596911 0.432371 0.898437 -0.0765849 -0.020794 0.0948466 0.995275
34.200000 -0.288673 0.248004 0.594589 -1.19587 -1.03015 0.370536 -2.47896 -0.667714 -0.313673 0.903993 -0.425065 0.0460105 0.426467 0.904119 -0.0263753 -0.0303878 0.043465 0.998593
34.220000 -0.317022 0.223253 0.600673 -1.38664 -1.23033 0.272887 -2.57309 -0.73935 -0.0942449 0.9059 -0.422457 0.0295827 0.421662 0.906269 0.0296166 -0.0393216 -0.0143558 0.999123
34.240000 -0.345622 0.195673 0.604087 -1.37752 -1.36027 0.134803 -2.26345 -0.487132 -0.134079 0.907273 -0.420191 0.0171986 0.417691 0.905121 0.0793123 -0.0488931 -0.0647742 0.996701
34.260000 -0.373405 0.167708 0.607082 -1.34842 -1.38173 0.14216 -1.78329 -0.755614 0.259771 0.90683 -0.421491 0.00228388 0.418295 0.900594 0.118154 -0.0518578 -0.10619 0.992993
34.280000 -0.39813 0.140101 0.606677 -1.19672 -1.3593 -0.0754191 -1.21707 -0.309652 0.391143 0.904065 -0.427332 -0.00733285 0.423748 0.893981 0.145724 -0.0557171 -0.134851 0.989298
34.300000 -0.420369 0.113636 0.60559 -1.0912 -1.31133 -0.0598958 -0.930151 -0.655233 0.685744 0.899432 -0.436591 -0.0202702 0.433738 0.885924 0.164347 -0.0537946 -0.156611 0.986194
34.320000 -0.440916 0.0888356 0.602588 -1.0216 -1.22008 -0.189741 -0.801925 -0.707003 0.774414 0.893181 -0.448162 -0.0371342 0.447151 0.876314 0.179247 -0.0477904 -0.176704 0.983103
34.340000 -0.4587 0.066397 0.594689 -0.869751 -1.09885 -0.408858 -0.815385 -1.07531 0.459147 0.889852 -0.452744 -0.0564445 0.454667 0.869666 0.192245 -0.0379498 -0.196733 0.979722
34.360000 -0.474121 0.0455696 0.584786 -0.764058 -1.0237 -0.518844 -0.415411 -0.986802 0.290756 0.887879 -0.453446 -0.0778333 0.459412 0.864714 0.203003 -0.0247473 -0.215999 0.97608
34.380000 -0.486154 0.0265965 0.574546 -0.551511 -0.920281 -0.492425 0.0865431 -0.769892 0.541288 0.884234 -0.45744 -0.0942299 0.466906 0.860876 0.202216 -0.0113817 -0.222803 0.974797
34.400000 -0.492516 0.0119942 0.567081 -0.247904 -0.660218 -0.3493 0.404596 -0.972075 0.90948 0.876187 -0.468015 -0.115141 0.481875 0.855412 0.189913 0.00961075 -0.221883 0.975026
