#C t x y z vx vy vz wx wy wz o11 o12 o13 o21 o22 o23 o31 o32 o33
# Recorded every 1th time step
# [Hexapod_0, HexaPod 0.9][1906700975]
#  coxaDamp=               0.000000  
#  coxaJointLimitH=        0.800000  
#  coxaJointLimitV=        0.500000  
#  coxaPower=              3.000000  
#  coxaSpeed=             25.000000  
#  tebiaDamp=              0.010000  
#  tebiaJointLimit=        0.200000  
#  tebiaOffset=            0.000000  
#  tebiaPower=             1.800000  
# ######
# [Diamond, 1.0][310024154]
# ######
30.020000 -0.0430231 -2.77638 1.03484 -0.634342 -0.483416 -0.260776 -1.14758 -1.16252 -1.89689 0.928821 -0.365774 0.0591726 0.357982 0.927058 0.111409 -0.095607 -0.0822963 0.992011
30.040000 -0.0575032 -2.78699 1.02778 -0.735802 -0.555072 -0.367347 -0.774866 -0.839722 -1.99701 0.94405 -0.326718 0.0449893 0.319061 0.939298 0.126173 -0.0834815 -0.10476 0.990987
30.060000 -0.0710542 -2.79804 1.01825 -0.653584 -0.545208 -0.493417 -0.450245 -1.01063 -1.60826 0.955786 -0.292323 0.0319304 0.285877 0.949129 0.132018 -0.0688981 -0.117053 0.990733
30.080000 -0.0821348 -2.80617 1.01129 -0.532412 -0.373538 -0.360636 -0.956442 -0.239124 -1.3994 0.96406 -0.26398 0.0300413 0.256924 0.955091 0.147617 -0.0676601 -0.134594 0.988588
30.100000 -0.0930655 -2.81311 1.0056 -0.55393 -0.327194 -0.283166 -0.0896888 -0.0591247 -1.58603 0.971664 -0.233942 0.0337698 0.226573 0.962549 0.148873 -0.0673328 -0.137004 0.988279
30.120000 -0.103382 -2.81935 1.00203 -0.502714 -0.305887 -0.178318 0.847573 0.139344 -1.67997 0.978872 -0.200166 0.0417418 0.193425 0.972678 0.128393 -0.0663012 -0.117606 0.990845
30.140000 -0.112839 -2.82197 1.00038 -0.441384 -0.0845517 0.0326605 2.33418 0.578874 -0.795207 0.98201 -0.181303 0.0527798 0.176527 0.98068 0.0842964 -0.0670433 -0.0734629 0.995042
30.160000 -0.122078 -2.82135 1.00131 -0.458392 0.0707366 0.0702552 3.01562 0.912532 0.0757239 0.980648 -0.182615 0.0705787 0.181561 0.983153 0.0211301 -0.0732483 -0.00790687 0.997282
30.180000 -0.125934 -2.8169 1.00765 -0.179671 0.22099 0.405957 2.82149 0.725474 1.00977 0.97531 -0.202642 0.0877863 0.206163 0.977961 -0.0330076 -0.0791628 0.050291 0.995592
30.200000 -0.12886 -2.8131 1.01976 -0.127814 0.2088 0.608676 2.95535 0.604628 1.24034 0.968325 -0.228129 0.101513 0.237531 0.966936 -0.0928072 -0.0769846 0.11398 0.990496
30.220000 -0.13041 -2.80603 1.03266 -0.0418164 0.403005 0.650649 2.39493 0.746522 1.5997 0.958916 -0.257433 0.119198 0.272877 0.951894 -0.139413 -0.077574 0.166212 0.983034
30.240000 -0.12922 -2.79573 1.04525 0.103026 0.535994 0.635266 1.76127 0.856876 1.74891 0.947652 -0.286912 0.140134 0.308638 0.935556 -0.17169 -0.0818428 0.205953 0.975133
30.260000 -0.124451 -2.78515 1.05821 0.259267 0.530149 0.663984 1.00428 0.894324 1.73464 0.93488 -0.314233 0.165098 0.342728 0.920144 -0.189401 -0.0923978 0.233651 0.96792
30.280000 -0.117643 -2.77257 1.07178 0.362125 0.658919 0.652071 0.548697 0.636428 2.00633 0.919428 -0.345767 0.187345 0.379777 0.904347 -0.194746 -0.102088 0.250204 0.962796
30.300000 -0.107629 -2.75729 1.08213 0.536686 0.78781 0.470521 0.185379 0.0637877 2.4154 0.900561 -0.386576 0.198871 0.422105 0.886996 -0.187257 -0.104009 0.252581 0.961969
30.320000 -0.0927994 -2.73968 1.08903 0.794417 0.904267 0.301957 -0.0582392 -0.191902 2.9755 0.875451 -0.437062 0.206308 0.472265 0.864321 -0.17296 -0.102722 0.24885 0.963079
30.340000 -0.0746763 -2.72067 1.0923 0.874246 0.941151 0.114746 -0.554435 -0.517326 2.8147 0.84714 -0.490182 0.205124 0.522013 0.839839 -0.148907 -0.0992795 0.233222 0.967342
30.360000 -0.0609836 -2.70233 1.09169 0.648504 0.91009 -0.079417 -1.03638 -0.579142 1.91297 0.825948 -0.527782 0.198132 0.554689 0.82358 -0.118472 -0.100651 0.207753 0.972989
30.380000 -0.0515178 -2.68402 1.08708 0.431506 0.910213 -0.278338 -1.28084 -0.768357 0.858138 0.815978 -0.54788 0.184409 0.568742 0.817965 -0.0864048 -0.103501 0.175386 0.979044
30.400000 -0.0428679 -2.66728 1.08293 0.408362 0.8177 -0.176295 -1.68838 -1.20375 0.204251 0.816568 -0.554055 0.161991 0.567843 0.821439 -0.0528397 -0.103789 0.135132 0.985377
30.420000 -0.0366731 -2.65287 1.08029 0.261227 0.666657 -0.113256 -2.00914 -1.43963 -0.215625 0.823015 -0.552516 0.131809 0.558676 0.829297 -0.012132 -0.102605 0.0836232 0.991201
30.440000 -0.0337904 -2.64281 1.07849 0.0879598 0.430737 -0.0721469 -2.16757 -1.47421 -0.707518 0.834617 -0.541502 0.100951 0.541444 0.840188 0.0303606 -0.101258 0.0293197 0.994428
30.460000 -0.0340002 -2.63813 1.0772 -0.0482775 0.14561 -0.0606443 -1.91255 -1.39983 -1.07007 0.849178 -0.523042 0.0729645 0.518777 0.852032 0.0700869 -0.0988264 -0.021664 0.994869
30.480000 -0.037139 -2.63941 1.07564 -0.193516 -0.141051 -0.0841385 -1.53322 -1.26747 -1.38333 0.865995 -0.497643 0.0490416 0.49134 0.865032 0.101514 -0.0929401 -0.0638144 0.993625
30.500000 -0.0439001 -2.64293 1.07212 -0.354358 -0.204245 -0.205917 -1.13812 -1.25101 -1.38973 0.88165 -0.471137 0.0269012 0.464649 0.876641 0.124909 -0.082432 -0.0976266 0.991803
30.520000 -0.0527643 -2.64886 1.06635 -0.461216 -0.320585 -0.315069 -1.14768 -1.11986 -1.51286 0.897124 -0.441704 0.00815558 0.435888 0.888013 0.146403 -0.0719093 -0.127787 0.989191
30.540000 -0.0645011 -2.65681 1.0582 -0.62989 -0.405737 -0.443383 -1.17838 -0.929053 -1.62784 0.911873 -0.410437 -0.00548319 0.405412 0.898457 0.16857 -0.0642609 -0.155937 0.985674
30.560000 -0.079478 -2.66641 1.04662 -0.771185 -0.476721 -0.572296 -0.874156 -0.25552 -1.77212 0.925669 -0.378255 -0.00779949 0.373107 0.909267 0.184458 -0.0626802 -0.173657 0.982809
30.580000 -0.0939112 -2.67365 1.03245 -0.71127 -0.323662 -0.747274 0.164394 -0.201372 -1.4659 0.937446 -0.348106 -0.00406515 0.343053 0.921725 0.180936 -0.059238 -0.171012 0.983486
30.600000 -0.108828 -2.6788 1.01705 -0.758534 -0.254749 -0.777221 1.18142 -0.418506 -0.985907 0.945013 -0.326991 -0.00528551 0.323771 0.933186 0.156001 -0.0460787 -0.149134 0.987743
30.620000 -0.125573 -2.68601 1.00247 -0.856938 -0.370255 -0.72118 2.30917 -0.554209 -0.58474 0.949275 -0.314226 -0.0117791 0.313578 0.943209 0.109658 -0.0233472 -0.107789 0.9939
30.640000 -0.143068 -2.69148 0.991937 -0.863938 -0.236714 -0.371358 2.74061 0.314936 0.28651 0.947611 -0.319305 -0.00884534 0.319271 0.94592 0.0574571 -0.00997936 -0.0572711 0.998309
30.660000 -0.163668 -2.69608 0.992534 -1.06508 -0.217948 0.102661 2.80834 1.23057 1.05177 0.94038 -0.339835 0.0140997 0.339874 0.940471 -0.000457957 -0.0131048 0.00522279 0.9999
30.680000 -0.185267 -2.69792 0.997133 -1.04559 -0.0558682 0.304537 2.53904 1.58474 1.38755 0.928271 -0.369221 0.0446021 0.371243 0.927084 -0.0519044 -0.0221857 0.0647396 0.997656
30.700000 -0.202936 -2.69702 1.00573 -0.794152 0.0418915 0.444529 2.25703 1.52864 1.23433 0.916774 -0.391535 0.0789067 0.397987 0.912153 -0.0978923 -0.0336468 0.121149 0.992064
30.720000 -0.216068 -2.69561 1.01801 -0.619918 0.0496167 0.63274 1.70608 1.00561 1.3608 0.904632 -0.413308 0.104009 0.424457 0.895715 -0.132403 -0.0384393 0.163923 0.985724
30.740000 -0.226955 -2.69204 1.03225 -0.528597 0.22084 0.714233 1.2241 0.876857 1.49103 0.890781 -0.436578 0.126128 0.452347 0.878415 -0.154171 -0.0434855 0.194386 0.979961
30.760000 -0.235905 -2.68424 1.0464 -0.427083 0.442354 0.704903 0.819054 0.781608 1.6024 0.875332 -0.460657 0.14693 0.480983 0.86066 -0.167095 -0.0494836 0.216934 0.974931
30.780000 -0.241442 -2.67229 1.06084 -0.233196 0.650329 0.72605 0.292908 0.309052 1.52342 0.859742 -0.484881 0.16042 0.507983 0.844368 -0.17028 -0.0528877 0.227887 0.97225
30.800000 -0.241285 -2.65505 1.07572 0.0648772 0.910629 0.738746 -0.911262 -0.759146 1.72467 0.843344 -0.514723 0.154374 0.534928 0.831497 -0.149881 -0.0512142 0.20898 0.976578
30.820000 -0.235048 -2.63393 1.08945 0.390128 1.10465 0.653517 -1.8173 -1.85622 2.02966 0.823271 -0.552731 0.129284 0.566046 0.816477 -0.113835 -0.0426371 0.166898 0.985052
30.840000 -0.223566 -2.61175 1.0955 0.568525 1.11147 0.221927 -0.756192 -1.05918 1.50627 0.805649 -0.58201 0.110429 0.591416 0.800926 -0.0935094 -0.034022 0.140645 0.989475
30.860000 -0.215063 -2.58891 1.09386 0.314794 1.13204 -0.129387 -1.17435 -0.995154 0.362669 0.800607 -0.592536 0.0890461 0.598384 0.798358 -0.067538 -0.0310719 0.107355 0.993735
30.880000 -0.212148 -2.5659 1.08807 0.0386315 1.10665 -0.296112 -1.8036 -1.20934 -0.545849 0.808192 -0.585443 0.0638915 0.588006 0.808215 -0.0322037 -0.0327846 0.0635953 0.997437
30.900000 -0.212799 -2.54505 1.08068 -0.0632852 0.978685 -0.383926 -2.26958 -1.47228 -0.918682 0.821207 -0.569645 0.0335328 0.569597 0.821838 0.0119128 -0.0343446 0.00931729 0.999367
30.920000 -0.216431 -2.52692 1.07185 -0.226419 0.869083 -0.459368 -2.47312 -1.45097 -1.27984 0.837085 -0.547054 0.00446717 0.545813 0.835683 0.0610108 -0.0371094 -0.048633 0.998127
30.940000 -0.223213 -2.51126 1.06123 -0.365093 0.76059 -0.556654 -2.55558 -1.34249 -1.3857 0.853623 -0.52049 -0.0204555 0.519272 0.847219 0.112143 -0.0410388 -0.106349 0.993482
30.960000 -0.232783 -2.49651 1.04823 -0.521833 0.780248 -0.690653 -2.53707 -1.16623 -1.05243 0.866607 -0.497315 -0.040865 0.496882 0.852522 0.162216 -0.045834 -0.160882 0.985909
30.980000 -0.245857 -2.48206 1.03362 -0.681333 0.716697 -0.74705 -2.50782 -1.01848 -0.793214 0.875562 -0.479569 -0.0583543 0.480359 0.851346 0.210867 -0.0514455 -0.212658 0.975771
31.000000 -0.261896 -2.46813 1.01655 -0.837686 0.69558 -0.885547 -3.05693 -0.89484 -0.830682 0.884349 -0.461245 -0.0719763 0.462563 0.845 0.268347 -0.0629536 -0.270606 0.96063
31.020000 -0.28176 -2.45501 0.996636 -1.05565 0.622734 -1.06798 -3.66865 -0.992234 -1.15671 0.89563 -0.436813 -0.083911 0.438126 0.833793 0.335909 -0.0767651 -0.337614 0.938149
31.040000 -0.303921 -2.44905 0.990667 -1.16214 0.269282 -0.238058 0.358139 -1.17687 -1.87267 0.912096 -0.400929 -0.0856561 0.405805 0.853161 0.327777 -0.0583369 -0.333724 0.940864
31.060000 -0.328221 -2.44574 0.984123 -1.20733 0.11159 -0.318291 1.06215 -0.942525 -2.35454 0.930227 -0.356162 -0.0884679 0.365452 0.877016 0.31191 -0.0335026 -0.322478 0.945984
31.080000 -0.349059 -2.44253 0.981781 -1.00507 0.15245 -0.0726138 2.25521 0.607613 -1.53989 0.94264 -0.32606 -0.0715164 0.332942 0.902903 0.271874 -0.024075 -0.280091 0.959672
31.100000 -0.371192 -2.44171 0.982104 -1.1474 0.0231125 0.0319146 2.66537 0.98697 -0.21172 0.944857 -0.323844 -0.0486931 0.32649 0.91994 0.217058 -0.0254983 -0.220987 0.974943
31.120000 -0.395896 -2.44407 0.982895 -1.21501 -0.0810567 0.00141651 3.47227 1.20207 0.724026 0.93971 -0.340978 -0.026073 0.340994 0.928525 0.146846 -0.025862 -0.146884 0.988816
31.140000 -0.421137 -2.44497 0.986723 -1.23849 0.014077 0.232456 3.218 1.22263 1.02566 0.930568 -0.366108 -0.00300025 0.365206 0.927633 0.0782368 -0.02586 -0.0739003 0.99693
31.160000 -0.445692 -2.44175 0.99437 -1.20241 0.211053 0.419734 2.98029 1.41101 1.5027 0.917424 -0.397152 0.024579 0.396837 0.917736 0.0167866 -0.0292239 -0.00564658 0.999557
31.180000 -0.466839 -2.43428 1.00459 -0.991125 0.385564 0.530202 2.50417 1.18341 1.69283 0.90181 -0.429089 0.0511934 0.431032 0.901628 -0.0357542 -0.0308157 0.0543096 0.998049
31.200000 -0.484083 -2.42349 1.01487 -0.839442 0.565422 0.490183 1.96501 0.824906 1.62231 0.885617 -0.458918 0.0712533 0.463562 0.882822 -0.0757354 -0.0281476 0.100103 0.994579
31.220000 -0.49761 -2.40877 1.02292 -0.63622 0.78539 0.370886 1.37343 0.40872 1.37671 0.871796 -0.482701 0.0834933 0.489342 0.866017 -0.102756 -0.022706 0.130439 0.991196
31.240000 -0.507528 -2.39007 1.02844 -0.457853 0.973786 0.241959 0.992461 0.0967882 1.34783 0.857905 -0.50587 0.0899748 0.513595 0.849345 -0.121788 -0.0148107 0.150693 0.98847
31.260000 -0.514285 -2.36862 1.03178 -0.304369 1.09177 0.143405 0.503189 -0.281002 1.34976 0.84364 -0.529379 0.0896129 0.536888 0.833269 -0.13196 -0.00481494 0.159439 0.987196
31.280000 -0.517567 -2.3456 1.03306 -0.132833 1.17259 0.0446262 -0.0549036 -0.700673 1.29932 0.829793 -0.552139 0.0811506 0.558041 0.819414 -0.130965 0.00581477 0.153959 0.98806
31.300000 -0.517099 -2.32147 1.03536 0.0783165 1.24018 0.0899414 -0.583497 -1.66686 1.5738 0.812652 -0.579943 0.0571185 0.582193 0.803689 -0.123024 0.0254416 0.13323 0.990759
31.320000 -0.514591 -2.29694 1.03354 0.140657 1.21982 -0.14345 -1.41789 -1.32544 1.36339 0.794769 -0.606029 0.0327343 0.606081 0.789704 -0.0950373 0.0317449 0.0953723 0.994935
31.340000 -0.509248 -2.27174 1.02886 0.273029 1.26844 -0.274757 -2.12846 -1.61182 0.652386 0.785021 -0.619469 0.000556705 0.61869 0.783988 -0.0508462 0.0310612 0.0402598 0.998706
31.360000 -0.504148 -2.24435 1.02529 0.13798 1.34964 -0.169109 -2.52679 -2.73407 -0.539735 0.78888 -0.612138 -0.0543543 0.613206 0.789914 0.0038565 0.0405745 -0.0363727 0.998514
31.380000 -0.502339 -2.21931 1.02371 -0.0389881 1.13226 0.0635382 -2.25033 -3.23595 -1.32338 0.804495 -0.581496 -0.121041 0.590676 0.804657 0.0602383 0.062368 -0.119957 0.990818
31.400000 -0.50688 -2.2012 1.02731 -0.243944 0.906148 0.274607 -1.5337 -2.9176 -1.78393 0.8207 -0.541743 -0.181564 0.563784 0.819418 0.103451 0.0927327 -0.187265 0.977923
31.420000 -0.507559 -2.18754 1.03674 0.110704 0.680189 0.666973 -1.5525 -1.64915 -2.42961 0.842163 -0.493556 -0.217173 0.527196 0.838235 0.139376 0.113252 -0.23187 0.966132
31.440000 -0.501931 -2.17451 1.04814 0.319292 0.698427 0.534126 -1.5525 -0.912424 -2.67328 0.867156 -0.442131 -0.229259 0.484448 0.85561 0.182326 0.115544 -0.269169 0.956137
31.460000 -0.49494 -2.16133 1.05882 0.392415 0.634155 0.535043 -1.05957 -0.507676 -2.12153 0.887096 -0.399372 -0.231436 0.446992 0.868342 0.214894 0.115143 -0.294081 0.948819
31.480000 -0.486952 -2.15095 1.06461 0.408288 0.4902 0.204689 -0.910367 -1.01427 -1.42547 0.898982 -0.366303 -0.24011 0.420604 0.874919 0.240018 0.122157 -0.316763 0.940605
31.500000 -0.478182 -2.1413 1.06604 0.452674 0.500874 0.0270852 -0.585992 -0.76434 -0.838227 0.904828 -0.344384 -0.250372 0.40494 0.877747 0.256094 0.131568 -0.333107 0.933665
31.520000 -0.470864 -2.12844 1.06676 0.371104 0.676595 -0.0989304 -0.707966 -0.226882 -0.450598 0.908795 -0.330189 -0.255082 0.395867 0.875506 0.277088 0.131834 -0.352795 0.926367
31.540000 -0.463585 -2.11542 1.06164 0.372008 0.65838 -0.323894 0.285972 -0.203466 -0.0117237 0.90892 -0.327224 -0.258438 0.393889 0.877158 0.274675 0.13681 -0.351453 0.926155
31.560000 -0.455237 -2.09993 1.05098 0.422773 0.793949 -0.591159 0.88346 -0.156236 0.200232 0.907097 -0.329581 -0.261823 0.394889 0.881684 0.258254 0.145729 -0.337652 0.929921
31.580000 -0.449328 -2.08503 1.03505 0.22401 0.722216 -0.882687 1.05422 0.0583013 0.655938 0.902639 -0.341036 -0.262558 0.402306 0.885325 0.233129 0.152943 -0.31606 0.93633
31.600000 -0.445035 -2.07157 1.01477 0.26676 0.704002 -0.999339 1.63483 0.798655 1.26432 0.894196 -0.368697 -0.25392 0.420553 0.88625 0.194155 0.153452 -0.2804 0.947538
31.620000 -0.439149 -2.05765 0.992284 0.367169 0.741473 -1.08159 1.92907 1.87996 2.11763 0.879893 -0.416113 -0.229429 0.45326 0.879932 0.142392 0.142631 -0.22928 0.962854
31.640000 -0.431656 -2.04681 0.972213 0.337271 0.488108 -0.940479 2.32812 3.13808 3.15425 0.85593 -0.48444 -0.180836 0.503859 0.859971 0.0810881 0.116231 -0.160522 0.980165
31.660000 -0.425293 -2.03928 0.967367 0.287942 0.375026 -0.0512518 2.40495 3.10796 3.88694 0.818152 -0.562268 -0.120344 0.568165 0.822699 0.018852 0.0884068 -0.083799 0.992553
31.680000 -0.41686 -2.03012 0.977161 0.444555 0.547236 0.645218 1.58341 2.6006 3.03881 0.78163 -0.620098 -0.0673188 0.619696 0.784297 -0.0292374 0.070928 -0.0188644 0.997303
31.700000 -0.408033 -2.01854 0.990687 0.439983 0.593999 0.67103 1.43678 2.36575 2.47437 0.751827 -0.659166 -0.0160232 0.657281 0.751162 -0.061132 0.0523322 0.0354289 0.998001
31.720000 -0.397292 -2.00543 1.00004 0.579252 0.677893 0.369168 1.46728 1.91042 2.17299 0.723789 -0.689482 0.0272893 0.688773 0.719534 -0.0886721 0.0415023 0.082976 0.995687
31.740000 -0.386235 -1.99235 1.00424 0.503442 0.685565 0.188903 0.896178 1.38782 1.48554 0.702842 -0.70868 0.0615234 0.710551 0.695338 -0.107807 0.0336213 0.119487 0.992266
31.760000 -0.375906 -1.98134 1.00865 0.487299 0.515348 0.178541 0.560613 1.34614 1.1032 0.686772 -0.721027 0.0920012 0.726553 0.677191 -0.116335 0.0215782 0.146739 0.98894
31.780000 -0.367137 -1.9727 1.01218 0.419469 0.404102 0.156068 0.719807 1.45613 0.878808 0.673876 -0.728523 0.123064 0.738752 0.661751 -0.127792 0.0116613 0.17703 0.984136
31.800000 -0.360465 -1.96714 1.01199 0.292337 0.195229 -0.129633 0.714527 0.28736 0.75651 0.662925 -0.73589 0.137831 0.748575 0.648333 -0.138923 0.0128716 0.195273 0.980665
31.820000 -0.359286 -1.96495 1.01084 0.0358186 0.085165 -0.0307356 -0.141059 -0.804649 0.841568 0.64946 -0.750097 0.12472 0.760073 0.635615 -0.135214 0.0221497 0.182612 0.982935
31.840000 -0.357662 -1.96348 1.01177 0.0888557 0.0604206 0.0408741 -0.444095 -1.17643 0.37597 0.642049 -0.759791 0.102427 0.766026 0.630315 -0.126128 0.0312695 0.159442 0.986712
31.860000 -0.355176 -1.9618 1.01306 0.108884 0.0854683 0.0387553 -0.748463 -1.75042 -0.261286 0.643534 -0.762546 0.0662308 0.764232 0.635315 -0.111011 0.0425733 0.122055 0.99161
31.880000 -0.353679 -1.96104 1.01429 0.005427 -0.00627965 0.036974 -1.23426 -2.49536 -0.894554 0.654574 -0.755876 0.0136112 0.753884 0.651292 -0.0864772 0.0565011 0.066867 0.996161
31.900000 -0.355256 -1.9631 1.01467 -0.138844 -0.178332 -0.0127561 -1.44507 -2.97875 -1.64799 0.675396 -0.735677 -0.0511834 0.733647 0.677333 -0.0546194 0.0748504 -0.000660833 0.997195
31.920000 -0.359482 -1.96658 1.0151 -0.262438 -0.17159 0.0354398 -1.86748 -2.87062 -2.82424 0.710568 -0.694186 -0.114885 0.697724 0.716258 -0.0125004 0.0909651 -0.0712759 0.9933
31.940000 -0.367941 -1.97062 1.01581 -0.483092 -0.237256 0.0645916 -1.56596 -2.38906 -3.72743 0.755782 -0.633388 -0.16617 0.646265 0.762382 0.0334109 0.105523 -0.132641 0.985531
31.960000 -0.379901 -1.97883 1.01249 -0.600099 -0.442398 -0.171036 -1.40367 -2.07214 -4.17783 0.802822 -0.559903 -0.204904 0.583553 0.808368 0.0775067 0.122242 -0.181797 0.975708
31.980000 -0.385124 -1.98839 1.01585 -0.0765562 -0.438159 0.427111 -1.04726 -0.142828 -3.91255 0.844729 -0.490327 -0.214505 0.520786 0.845451 0.118299 0.123348 -0.211642 0.969532
32.000000 -0.381053 -1.99887 1.02406 0.29407 -0.523741 0.379586 -1.03572 -0.419189 -3.5657 0.879534 -0.42587 -0.21226 0.460421 0.874299 0.153669 0.120135 -0.232886 0.965055
32.020000 -0.371828 -2.00951 1.02835 0.482879 -0.545253 0.114219 -1.07535 -0.634354 -3.18014 0.90695 -0.364809 -0.210608 0.403731 0.895452 0.187526 0.120178 -0.255106 0.959416
32.040000 -0.362949 -2.01995 1.02615 0.421312 -0.486606 -0.161321 -0.933941 -0.45881 -2.49146 0.925976 -0.31352 -0.210415 0.357066 0.908286 0.217991 0.122773 -0.276986 0.952998
32.060000 -0.355403 -2.02914 1.02344 0.338429 -0.40426 -0.0820364 -0.954594 -0.174948 -2.2689 0.940355 -0.271492 -0.205 0.317298 0.917276 0.240679 0.122699 -0.29137 0.948709
32.080000 -0.349024 -2.03695 1.01849 0.318522 -0.383301 -0.334991 -0.559145 0.0211349 -1.83305 0.951852 -0.236038 -0.195612 0.282726 0.922582 0.262503 0.118508 -0.305168 0.944896
32.100000 -0.343097 -2.04243 1.00795 0.272003 -0.245861 -0.505038 1.13624 -0.331677 -1.62794 0.960252 -0.205679 -0.188712 0.250022 0.934373 0.253842 0.124118 -0.290934 0.948658
32.120000 -0.340058 -2.04762 0.994744 0.0741404 -0.272645 -0.713853 1.47863 -0.673693 -1.75528 0.966575 -0.172405 -0.189763 0.214498 0.949215 0.230176 0.140443 -0.263186 0.954468
32.140000 -0.34217 -2.05412 0.985966 -0.138076 -0.305681 -0.283311 1.12697 -0.180237 -0.908463 0.969803 -0.151129 -0.191423 0.191198 0.958379 0.212021 0.151413 -0.242219 0.958334
32.160000 -0.348181 -2.0575 0.983245 -0.362187 -0.0799346 -0.0898972 1.47278 0.142104 0.295292 0.969788 -0.152661 -0.190279 0.187463 0.965484 0.180828 0.156106 -0.211035 0.964933
32.180000 -0.359318 -2.05476 0.984896 -0.631315 0.202768 0.112003 1.72166 0.439476 1.12936 0.966926 -0.174279 -0.186231 0.201632 0.969454 0.139653 0.156204 -0.172584 0.97253
32.200000 -0.375067 -2.0477 0.989008 -0.792398 0.407179 0.199755 2.19836 0.741729 1.71411 0.961377 -0.211218 -0.176467 0.229365 0.969219 0.089474 0.152137 -0.126494 0.980231
32.220000 -0.387678 -2.03526 0.995484 -0.575583 0.66862 0.32415 1.97981 1.10989 2.50461 0.951117 -0.265691 -0.157431 0.274677 0.960787 0.0379681 0.14117 -0.0793546 0.9868
32.240000 -0.397029 -2.01909 1.00388 -0.402902 0.825446 0.41942 1.53096 1.21377 2.76468 0.93676 -0.323667 -0.133116 0.325889 0.945393 -0.00534864 0.127579 -0.0383709 0.991086
32.260000 -0.402842 -2.00119 1.01227 -0.253823 0.941798 0.391247 1.18901 1.0478 2.55024 0.920605 -0.374768 -0.109709 0.37296 0.927095 -0.0373453 0.115706 -0.00653675 0.993262
32.280000 -0.405572 -1.97948 1.01826 -0.0953195 1.12521 0.277374 0.920595 0.720578 2.25369 0.903796 -0.418189 -0.0909426 0.413928 0.908166 -0.0624335 0.1087 0.0187834 0.993897
32.300000 -0.404044 -1.95599 1.02018 0.0977388 1.21676 0.0518878 0.813809 0.161223 1.78673 0.888439 -0.451781 -0.0810498 0.445736 0.891354 -0.0825092 0.10952 0.0371776 0.993289
32.320000 -0.400061 -1.92951 1.0185 0.236941 1.3587 -0.141702 0.650121 -0.522542 1.59278 0.872643 -0.480733 -0.0859687 0.472736 0.875705 -0.0982951 0.122537 0.045136 0.991437
32.340000 -0.392363 -1.90307 1.01421 0.410193 1.29447 -0.260003 0.231578 -1.16485 1.66064 0.853805 -0.510276 -0.10313 0.500531 0.859098 -0.106864 0.143129 0.0396219 0.988911
32.360000 -0.383616 -1.87822 1.00681 0.391682 1.23149 -0.385935 -0.247339 -1.0719 1.34642 0.835365 -0.535653 -0.123458 0.525593 0.844107 -0.105998 0.16099 0.0236588 0.986672
32.380000 -0.377557 -1.85348 0.998113 0.278804 1.24736 -0.481339 -0.523936 -0.725242 0.932193 0.822029 -0.552938 -0.136118 0.543839 0.83318 -0.100249 0.168842 0.00838085 0.985607
32.400000 -0.372935 -1.82915 0.995488 0.211563 1.23183 -0.0936734 0.277607 0.721414 1.48015 0.808223 -0.576131 -0.121853 0.566282 0.81716 -0.107583 0.161555 0.0179482 0.9867
32.420000 -0.36882 -1.8043 0.995749 0.246288 1.23501 0.0195895 -0.445055 0.759225 1.25471 0.795679 -0.596356 -0.106089 0.587818 0.802494 -0.102342 0.146169 0.0190704 0.989076
32.440000 -0.365214 -1.7802 0.997642 0.222929 1.19197 0.101658 -0.61365 0.392343 0.925751 0.784798 -0.612379 -0.0953096 0.605444 0.790414 -0.093187 0.1324 0.0154284 0.991076
32.460000 -0.358679 -1.75823 1.00061 0.398266 1.0689 0.163733 -0.864228 -0.0745242 0.273273 0.77981 -0.618799 -0.0947814 0.614019 0.785547 -0.0767833 0.121969 0.00167873 0.992533
32.480000 -0.348175 -1.73985 1.00525 0.628098 0.869377 0.251706 -0.388856 -0.3517 -0.222827 0.780506 -0.616686 -0.102506 0.613342 0.787118 -0.0652375 0.120916 -0.0119533 0.992591
32.500000 -0.334869 -1.72576 1.01458 0.674324 0.649719 0.447237 -0.910656 -0.490007 -0.964534 0.790636 -0.601643 -0.11367 0.600767 0.798117 -0.0456944 0.118214 -0.0321614 0.992467
32.520000 -0.319075 -1.71394 1.02561 0.778623 0.585279 0.517436 -1.29921 -0.984985 -1.83877 0.810412 -0.570339 -0.133964 0.573624 0.818953 -0.0164845 0.119112 -0.0634857 0.990849
32.540000 -0.302229 -1.70369 1.03547 0.856539 0.460563 0.437777 -1.77956 -1.265 -2.49787 0.834984 -0.526323 -0.160576 0.536566 0.843475 0.0254312 0.122057 -0.107394 0.986696
32.560000 -0.283196 -1.69666 1.04334 0.990649 0.304184 0.336146 -2.06381 -1.26774 -2.75265 0.861715 -0.473342 -0.18274 0.492115 0.867395 0.0738109 0.12357 -0.153533 0.980387
32.580000 -0.262728 -1.69232 1.0501 1.02665 0.15088 0.319239 -1.90672 -1.01829 -2.41831 0.884127 -0.423485 -0.197434 0.45069 0.884412 0.121217 0.123279 -0.196153 0.972793
32.600000 -0.241675 -1.69378 1.05395 1.06385 -0.15029 0.147475 -2.04892 -1.21219 -1.80177 0.898702 -0.382856 -0.213906 0.419957 0.891823 0.168191 0.126374 -0.240985 0.962266
32.620000 -0.222332 -1.6973 1.05863 0.940806 -0.152828 0.312443 -1.86364 -0.522115 -1.16498 0.907226 -0.356853 -0.222706 0.40201 0.891384 0.20934 0.123813 -0.279448 0.952145
32.640000 -0.203542 -1.7018 1.06497 0.943649 -0.241538 0.314313 -1.34329 -0.206014 -0.636697 0.91236 -0.34262 -0.224077 0.392326 0.888107 0.23947 0.116957 -0.306394 0.944692
32.660000 -0.184556 -1.70798 1.06912 0.950102 -0.330866 0.16446 -0.866083 -0.172427 -0.273943 0.91475 -0.335254 -0.225471 0.388065 0.884364 0.259435 0.112422 -0.324816 0.939072
32.680000 -0.164562 -1.71529 1.06615 1.00728 -0.368507 -0.208251 0.0993556 0.00895354 0.0638598 0.914603 -0.335467 -0.225749 0.388439 0.884013 0.260068 0.112321 -0.325548 0.93883
32.700000 -0.145493 -1.72133 1.06017 0.899867 -0.292304 -0.349147 0.529805 0.180284 -0.0127988 0.914587 -0.337245 -0.22315 0.388254 0.886616 0.251339 0.113086 -0.31651 0.941824
32.720000 -0.127984 -1.72774 1.05347 0.863478 -0.338937 -0.337509 0.866016 0.536091 0.210921 0.914396 -0.342695 -0.215497 0.389202 0.890643 0.235109 0.11136 -0.298855 0.947779
32.740000 -0.112061 -1.73604 1.04661 0.785628 -0.428585 -0.354371 1.05071 0.710312 0.696427 0.910829 -0.357771 -0.205892 0.398518 0.892153 0.212713 0.107585 -0.275797 0.955176
32.760000 -0.0969628 -1.74583 1.03805 0.742311 -0.498507 -0.411896 1.45823 0.953104 1.29755 0.903145 -0.384884 -0.190245 0.417403 0.890879 0.179192 0.100518 -0.241245 0.965245
32.780000 -0.0845542 -1.75799 1.02946 0.576864 -0.63392 -0.429668 1.57734 0.828111 1.7953 0.88919 -0.421043 -0.179063 0.446571 0.883825 0.139385 0.0995735 -0.203904 0.973914
32.800000 -0.0745707 -1.77286 1.02219 0.466537 -0.775131 -0.341857 1.83094 0.900489 2.07054 0.870503 -0.463548 -0.165375 0.48183 0.871169 0.0943658 0.100326 -0.161828 0.981706
32.820000 -0.067262 -1.79021 1.01719 0.317432 -0.886611 -0.232386 1.9889 0.987421 2.40851 0.847132 -0.510309 -0.148161 0.521243 0.852222 0.0449856 0.103309 -0.115336 0.98794
32.840000 -0.0618301 -1.80874 1.01643 0.255157 -0.939986 -0.035535 1.56743 1.09256 2.84211 0.817513 -0.561672 -0.127268 0.566637 0.823961 0.00343183 0.102936 -0.07492 0.991862
32.860000 -0.0581334 -1.8263 1.01658 0.1409 -0.822486 0.0313687 1.23181 1.22414 2.93901 0.783439 -0.613128 -0.101476 0.613388 0.78912 -0.0323258 0.099897 -0.0369191 0.994313
32.880000 -0.0578013 -1.842 1.0161 -0.0323492 -0.770009 -0.0614376 1.16004 1.08896 2.91729 0.747469 -0.659993 -0.07549 0.657091 0.751264 -0.0619123 0.0975746 -0.00332629 0.995223
32.900000 -0.0588339 -1.85538 1.0141 -0.0736718 -0.664032 -0.154611 0.783285 0.983334 2.94743 0.708621 -0.703687 -0.0517654 0.699162 0.710154 -0.082791 0.0950204 0.0224751 0.995222
32.920000 -0.0622395 -1.86656 1.01149 -0.177212 -0.517899 -0.111644 0.656562 0.982775 2.46409 0.673054 -0.739084 -0.0274464 0.733938 0.672027 -0.0985605 0.0912893 0.0461925 0.994752
32.940000 -0.0663435 -1.8735 1.01476 -0.175892 -0.34495 0.138687 0.315851 1.11375 2.06991 0.642296 -0.766439 -0.00520473 0.762117 0.639366 -0.101927 0.0814488 0.0615009 0.994778
32.960000 -0.0690989 -1.87866 1.01671 -0.129388 -0.228477 0.0917618 0.294736 0.919891 1.58713 0.617653 -0.786254 0.01759 0.782966 0.612658 -0.107774 0.073961 0.0803392 0.99402
32.980000 -0.0705429 -1.88122 1.01947 -0.0728278 -0.108083 0.13156 0.0647792 0.524821 1.1623 0.599067 -0.800087 0.0312934 0.797776 0.593086 -0.10864 0.0683617 0.0900477 0.993588
33.000000 -0.0714637 -1.88141 1.02238 -0.0358935 0.00804275 0.122915 -0.0649001 0.289815 0.829136 0.585322 -0.809875 0.0387363 0.808308 0.579113 -0.106139 0.0635268 0.0934365 0.993596
33.020000 -0.0718449 -1.87995 1.02497 -0.0198493 0.0765201 0.11487 -0.0976847 -0.0793978 0.414076 0.577176 -0.815682 0.0391228 0.814263 0.571212 -0.103404 0.0619971 0.0915384 0.99387
33.040000 -0.0725359 -1.87794 1.02698 -0.027988 0.0624314 0.127735 -0.301582 -0.747031 -0.0714428 0.575319 -0.817583 0.023776 0.815368 0.570978 -0.0957049 0.0646712 0.0744471 0.995126
33.060000 -0.0742721 -1.87679 1.02873 -0.0884848 0.0442577 0.0724199 -0.666191 -1.59086 -0.913338 0.586417 -0.809956 -0.00930812 0.80683 0.585094 -0.081789 0.0716916 0.0404524 0.996606
33.080000 -0.0768967 -1.87589 1.03274 -0.144013 0.0207905 0.189767 -0.73443 -1.94582 -1.60117 0.609585 -0.790938 -0.0531346 0.788239 0.611893 -0.065319 0.084176 -0.00206521 0.996449
33.100000 -0.0819619 -1.87512 1.0391 -0.202048 0.0610958 0.342871 -0.742667 -2.16818 -2.2822 0.639963 -0.761563 -0.102317 0.761823 0.646223 -0.0449686 0.100366 -0.0491689 0.993735
33.120000 -0.0834085 -1.87646 1.04754 -0.0352212 -0.0642729 0.404864 -1.26858 -2.25825 -3.13119 0.681946 -0.715401 -0.152155 0.722577 0.691198 -0.0113362 0.113279 -0.102213 0.988292
33.140000 -0.0815971 -1.87721 1.05775 0.135411 -0.0295041 0.566596 -1.5231 -1.60059 -3.84855 0.732295 -0.654376 -0.18851 0.670633 0.741068 0.0326991 0.118301 -0.150366 0.981527
33.160000 -0.0766285 -1.87594 1.07014 0.300912 0.0202705 0.618677 -1.19775 -1.11995 -3.77129 0.780024 -0.590207 -0.20789 0.614173 0.785717 0.0737573 0.119811 -0.185213 0.975367
33.180000 -0.0668669 -1.87422 1.08181 0.542044 0.107288 0.548296 -1.03618 -0.956022 -3.46423 0.819735 -0.528757 -0.220115 0.559562 0.821339 0.110868 0.122167 -0.214051 0.969153
33.200000 -0.0533552 -1.87223 1.08911 0.709602 0.106328 0.307417 -0.849763 -1.1876 -2.99385 0.850318 -0.471607 -0.233551 0.509789 0.848326 0.143034 0.130671 -0.240685 0.961767
33.220000 -0.0378213 -1.87133 1.09363 0.789749 0.0360088 0.199156 -0.967032 -0.826782 -2.26488 0.871526 -0.425781 -0.243216 0.470826 0.865199 0.17249 0.136988 -0.264842 0.954512
33.240000 -0.0232448 -1.86982 1.09606 0.706388 0.0690307 0.164811 -1.38512 -0.77086 -1.59489 0.88478 -0.393367 -0.249853 0.445233 0.871868 0.203996 0.137594 -0.291734 0.946551
33.260000 -0.00950327 -1.86669 1.09903 0.673262 0.198725 0.138181 -2.90944 -0.966399 -1.48921 0.89459 -0.361937 -0.262128 0.426773 0.865919 0.260863 0.132566 -0.345235 0.929107
33.280000 0.00488387 -1.86281 1.09468 0.738319 0.208254 -0.296206 -0.251223 -0.0789884 -0.927843 0.902761 -0.344584 -0.257456 0.410798 0.868147 0.278506 0.127541 -0.357187 0.925284
33.300000 0.0210703 -1.85688 1.08684 0.827715 0.313099 -0.419969 0.0408414 0.291912 -0.708225 0.909226 -0.333502 -0.249166 0.397198 0.874192 0.279325 0.124663 -0.352938 0.927305
33.320000 0.0368108 -1.85176 1.0761 0.755644 0.215822 -0.520126 0.284286 0.86195 0.140264 0.910794 -0.339661 -0.234703 0.397256 0.875806 0.274139 0.11244 -0.342921 0.932611
33.340000 0.0508869 -1.85532 1.07386 0.718353 -0.217336 -0.0516204 2.04734 1.39596 0.831651 0.908129 -0.361212 -0.211724 0.405747 0.884002 0.232183 0.103297 -0.296759 0.949349
33.360000 0.0633862 -1.86592 1.07411 0.562412 -0.627215 0.020837 2.48331 2.13763 1.51671 0.899281 -0.399599 -0.177804 0.428526 0.886347 0.175371 0.0875178 -0.233901 0.968313
33.380000 0.0734502 -1.88234 1.07714 0.466856 -0.87018 0.157589 2.9106 3.16826 2.07772 0.884078 -0.45054 -0.124176 0.463518 0.879237 0.109967 0.0596356 -0.154777 0.986148
33.400000 0.0837975 -1.90197 1.08134 0.505396 -1.00184 0.194405 2.96179 3.21956 2.11498 0.865032 -0.498091 -0.0602115 0.500809 0.864444 0.0439068 0.0301798 -0.0681352 0.99722
33.420000 0.0923081 -1.92513 1.08179 0.37944 -1.23786 -0.104179 2.64291 2.26646 2.22111 0.843085 -0.537735 -0.00695882 0.53762 0.84308 -0.0134776 0.0131142 0.00762161 0.999885
33.440000 0.0983742 -1.9514 1.07695 0.293292 -1.30511 -0.286024 2.5421 1.92329 2.05603 0.81929 -0.572341 0.0344924 0.573313 0.816796 -0.0644638 0.00872201 0.0725895 0.997324
33.460000 0.103813 -1.97894 1.06975 0.262819 -1.37331 -0.361346 2.10447 1.55549 1.84266 0.797314 -0.599331 0.0713627 0.603511 0.79007 -0.107532 0.00806544 0.128805 0.991637
33.480000 0.108925 -2.00512 1.06153 0.266415 -1.29278 -0.444489 1.85085 1.32853 1.60567 0.776814 -0.621376 0.102234 0.629651 0.763829 -0.141793 0.010017 0.174518 0.984603
33.500000 0.113905 -2.03051 1.05071 0.238835 -1.26056 -0.56756 1.62746 1.12508 1.20808 0.760757 -0.635983 0.129518 0.648903 0.74124 -0.171721 0.0132078 0.214682 0.976595
33.520000 0.113955 -2.05305 1.04359 -0.0290971 -1.12519 -0.381063 0.548202 -1.28753 1.12603 0.744124 -0.659055 0.109206 0.66698 0.723733 -0.177055 0.0376532 0.204589 0.978123
33.540000 0.11297 -2.07347 1.03621 -0.058906 -0.996889 -0.373435 -0.372247 -1.88156 1.0876 0.727339 -0.681909 0.07732 0.683506 0.70967 -0.170844 0.0616285 0.17711 0.98226
33.560000 0.109874 -2.09421 1.03311 -0.171137 -1.03669 -0.130305 -1.18287 -1.76083 0.394547 0.716432 -0.696323 0.043125 0.693912 0.704825 -0.147335 0.0721975 0.135481 0.988146
33.580000 0.106865 -2.11363 1.03403 -0.0887164 -0.938088 0.126223 -1.25227 -1.64901 -0.65909 0.720392 -0.69356 0.00328671 0.68881 0.714888 -0.120315 0.0810958 0.0889376 0.99273
33.600000 0.102639 -2.13123 1.03861 -0.265271 -0.889892 0.255061 -1.31735 -1.86532 -1.87727 0.741453 -0.669718 -0.0415221 0.664698 0.741541 -0.0910636 0.0917773 0.0399198 0.994979
33.620000 0.0966739 -2.14785 1.04401 -0.406857 -0.851045 0.248131 -1.56856 -2.13556 -3.03084 0.77429 -0.626148 -0.0917318 0.624128 0.779533 -0.0528403 0.104594 -0.0163387 0.994381
33.640000 0.0891508 -2.16355 1.04672 -0.341937 -0.778018 0.101535 -1.68658 -2.35334 -3.24543 0.810385 -0.568289 -0.142559 0.5731 0.819439 -0.0087463 0.121789 -0.0746129 0.989748
33.660000 0.0850679 -2.17981 1.04596 -0.161191 -0.826541 -0.0768511 -1.44075 -2.13818 -3.46867 0.843369 -0.503997 -0.186323 0.518275 0.854519 0.0344682 0.141845 -0.125636 0.981884
33.680000 0.0855463 -2.19682 1.04151 0.0665162 -0.847358 -0.268144 -1.29742 -1.7408 -3.28358 0.870929 -0.439406 -0.22001 0.464151 0.882606 0.0746324 0.161388 -0.167117 0.972639
33.700000 0.0858311 -2.21394 1.03192 -0.0165771 -0.857045 -0.531832 -1.00277 -1.38946 -2.90814 0.892288 -0.380342 -0.243231 0.414778 0.903371 0.108997 0.178272 -0.198143 0.963825
33.720000 0.0825243 -2.23038 1.01769 -0.233779 -0.803257 -0.775948 -0.662125 -1.03635 -2.59049 0.908864 -0.32753 -0.258245 0.36999 0.918929 0.136668 0.192546 -0.219761 0.956364
33.740000 0.076033 -2.24494 1.00198 -0.325328 -0.713265 -0.733209 -0.729204 -0.731438 -2.24163 0.922182 -0.281764 -0.264934 0.330174 0.930278 0.159897 0.201409 -0.234928 0.950917
33.760000 0.0715187 -2.25962 0.986801 -0.172399 -0.71597 -0.773884 -1.50299 -0.963453 -2.07867 0.93134 -0.236984 -0.276487 0.295398 0.935665 0.193058 0.212947 -0.261476 0.941426
33.780000 0.0698165 -2.27321 0.970253 -0.0732304 -0.691004 -0.813793 -1.74548 -0.532443 -1.78122 0.938866 -0.197743 -0.28183 0.268144 0.933429 0.238345 0.215937 -0.299345 0.929389
33.800000 0.0691556 -2.29024 0.960268 -0.00233983 -0.823045 -0.441878 0.97541 1.08472 -1.033 0.948538 -0.184945 -0.257044 0.244871 0.943069 0.225074 0.200784 -0.276434 0.939824
33.820000 0.0708845 -2.30308 0.955464 0.129496 -0.569384 -0.116399 0.573686 0.306441 -0.632302 0.954041 -0.174409 -0.243694 0.228232 0.949864 0.213701 0.194205 -0.259498 0.946015
33.840000 0.0743877 -2.30737 0.95724 0.145833 -0.174278 0.136334 0.981514 0.0903953 0.493027 0.952514 -0.182285 -0.243903 0.233011 0.952004 0.198479 0.196016 -0.245886 0.949272
33.860000 0.0769622 -2.30888 0.96216 0.109752 0.00173274 0.227438 0.938278 0.246503 1.0909 0.948972 -0.201752 -0.24238 0.247342 0.952962 0.175171 0.195638 -0.226183 0.954236
33.880000 0.0773282 -2.30636 0.968284 0.0313911 0.179799 0.302822 1.19574 0.54181 1.7299 0.942147 -0.236547 -0.237497 0.274661 0.950931 0.14245 0.192147 -0.199441 0.960887
33.900000 0.0770958 -2.30185 0.975042 -0.0493436 0.232253 0.350458 1.66028 0.946424 2.59024 0.929685 -0.290587 -0.226373 0.318432 0.942934 0.0973459 0.185167 -0.162585 0.969164
33.920000 0.0743842 -2.29659 0.983924 -0.150736 0.283267 0.444295 2.40788 1.47834 3.57097 0.909453 -0.362969 -0.202853 0.376779 0.925722 0.0328081 0.175877 -0.106268 0.978659
33.940000 0.0718825 -2.29325 0.99481 -0.157277 0.173065 0.518472 2.41029 1.56378 4.2881 0.879181 -0.444815 -0.17082 0.445791 0.894462 -0.0347706 0.168259 -0.0455805 0.984688
33.960000 0.0696316 -2.28612 1.00531 -0.0944225 0.457142 0.517304 2.10606 1.56447 4.20269 0.842078 -0.522507 -0.133758 0.514156 0.852576 -0.0935822 0.162936 0.0100312 0.986586
33.980000 0.0696087 -2.27478 1.0126 0.0143001 0.588322 0.305182 1.62299 1.46699 4.02278 0.802097 -0.589677 -0.0944539 0.576175 0.805718 -0.137259 0.157042 0.0556733 0.986021
34.000000 0.0692185 -2.26212 1.01504 -0.0227877 0.639517 0.0549408 1.33475 1.30941 3.36403 0.763837 -0.642909 -0.056756 0.627106 0.760093 -0.170281 0.152615 0.0944749 0.98376
34.020000 0.0689192 -2.25007 1.01198 0.00296416 0.548613 -0.224801 0.949778 1.15316 2.99544 0.728154 -0.685034 -0.0228037 0.66897 0.717535 -0.193968 0.149237 0.125984 0.980743
34.040000 0.0687216 -2.24477 1.00416 -0.0141853 0.246991 -0.412041 0.77533 0.948404 2.72511 0.692128 -0.721734 0.00761994 0.706776 0.675567 -0.209944 0.146376 0.150694 0.977684
34.060000 0.0676039 -2.24008 0.995648 -0.0844519 0.242094 -0.388077 0.609495 0.772923 2.323 0.660121 -0.75035 0.0348665 0.737059 0.638079 -0.222708 0.144862 0.172713 0.974261
34.080000 0.0646668 -2.23548 0.989504 -0.147686 0.201811 -0.281087 0.265399 0.79092 2.07954 0.630513 -0.774007 0.0580139 0.763365 0.604845 -0.226795 0.140452 0.187283 0.972213
34.100000 0.0629704 -2.23342 0.985136 -0.00441514 0.0668599 -0.255024 0.608787 1.10911 1.62524 0.605879 -0.790872 0.0862046 0.784181 0.575441 -0.232223 0.134053 0.208299 0.968835
34.120000 0.0643428 -2.23389 0.981341 0.0868648 -0.0650713 -0.15897 0.490131 -0.0970168 0.838268 0.590861 -0.801163 0.0949843 0.794741 0.557742 -0.239398 0.13882 0.216939 0.966264
34.140000 0.0660077 -2.23631 0.983416 0.036131 -0.132402 0.149392 -0.462106 -0.845998 -0.437314 0.592618 -0.80165 0.0784854 0.792765 0.563239 -0.232992 0.142572 0.200296 0.969306
34.160000 0.0639253 -2.24057 0.988597 -0.190035 -0.229747 0.246014 -0.736714 -1.06713 -0.621072 0.601316 -0.797249 0.053036 0.785901 0.57817 -0.21927 0.144149 0.173532 0.974222
34.180000 0.060883 -2.24645 0.995274 -0.168818 -0.312476 0.331737 -0.887211 -1.28783 -1.62905 0.620786 -0.783743 0.0192729 0.770301 0.605197 -0.200929 0.145813 0.13958 0.979416
34.200000 0.0593248 -2.25535 1.00441 -0.0667697 -0.461291 0.463157 -1.28095 -1.73078 -2.54684 0.652342 -0.757448 -0.0268735 0.743152 0.646191 -0.173672 0.148913 0.0933227 0.984437
34.220000 0.0597318 -2.26601 1.01501 0.0871687 -0.474693 0.532301 -1.56795 -2.05921 -3.53169 0.696859 -0.712478 -0.082239 0.700382 0.700714 -0.135886 0.154442 0.0370945 0.987305
34.240000 0.0633107 -2.27958 1.02423 0.252845 -0.686091 0.497935 -1.57785 -1.98807 -4.52499 0.748836 -0.64879 -0.135333 0.641807 0.760821 -0.0960969 0.165311 -0.0148966 0.986129
34.260000 0.0706397 -2.294 1.03288 0.435881 -0.714448 0.406157 -1.72306 -1.67893 -4.61095 0.800823 -0.571955 -0.177621 0.573972 0.817635 -0.0450454 0.170993 -0.0658759 0.983068
34.280000 0.0826405 -2.30708 1.03836 0.651212 -0.661664 0.249472 -1.50056 -1.31728 -4.71312 0.847573 -0.488236 -0.207956 0.500034 0.865992 0.00484048 0.177725 -0.108088 0.978126
34.300000 0.0991394 -2.31961 1.04259 0.855316 -0.567048 0.192251 -1.17593 -0.669859 -4.57511 0.887507 -0.403896 -0.22181 0.42406 0.904241 0.0502067 0.180292 -0.13862 0.973796
34.320000 0.116434 -2.33084 1.04484 0.848644 -0.58517 0.0471781 -1.00011 -0.250413 -4.26845 0.920726 -0.32198 -0.220439 0.347795 0.933292 0.0894725 0.176926 -0.159047 0.971288
34.340000 0.132762 -2.34317 1.04323 0.812304 -0.643376 -0.128623 -0.849522 0.0571178 -3.77045 0.945144 -0.248618 -0.211878 0.278159 0.952628 0.122993 0.171263 -0.175182 0.969526
34.360000 0.149585 -2.35708 1.03768 0.848185 -0.706978 -0.329741 -0.800866 0.149825 -3.21404 0.962028 -0.185663 -0.200077 0.21771 0.964075 0.15219 0.164633 -0.18997 0.967888
34.380000 0.165142 -2.36979 1.03056 0.745528 -0.609233 -0.29457 -1.16661 -0.00416908 -2.90366 0.973478 -0.130015 -0.188249 0.164576 0.969532 0.181448 0.158922 -0.207617 0.965214
34.400000 0.177541 -2.38137 1.02144 0.620548 -0.647839 -0.455089 -0.888154 -0.0589167 -3.00514 0.980946 -0.0733057 -0.179921 0.110902 0.971658 0.208761 0.159519 -0.224737 0.961274
34.420000 0.190287 -2.39176 1.01536 0.681541 -0.402544 -0.290461 -1.20712 1.1226 -1.94671 0.987529 -0.0318324 -0.154183 0.0676069 0.970193 0.232712 0.14218 -0.240233 0.960246
34.440000 0.199848 -2.39772 1.01082 0.419149 -0.330251 -0.175012 0.109203 0.684321 -1.44965 0.991562 -0.00637027 -0.129473 0.0383204 0.968558 0.24582 0.123836 -0.248707 0.96063
34.460000 0.206112 -2.39827 1.00936 0.257409 -0.0151384 0.0385918 0.271592 0.859694 0.0516543 0.993698 -0.00647953 -0.1119 0.0338417 0.969082 0.244408 0.106857 -0.246654 0.963194
